key1: 09708
09608
09508
09208


key1: 09705
09701


key1: 09707
10207
10107
09808


key1: 09706
09701


key1: 05309
05509
05508
05208
04109
05309
05308
05307
06809
05209
04809
05310
06009


key1: 05308
05808
05108
04105
05508
05510
05505
05208
05309
05308
05110
05708
06108
05310
06008
05305
05408
05306


key1: 06508
07008
06910
06710
06508
06509
06409
06408
06505
06501
07408
04308
06008
06708
06908
07208
07209
06510
07205
06308
06309
06209
06208
06303
06808


key1: 06509
07009
05805
06309
06210
06609
06209
06208
06908
06710
06508
06509
06510
06409
06408
06506
06507


key1: 10108
10105
09907


key1: 05301
05506
05607
05007
05206
06507


key1: 10107
09507


key1: 06501
07106
07006
06509
06407
06406
06405
06506
06507
06505
07406
06708
06709
06905
06605
06607
06606
06705
06706
06707
06007
06206
06305
06307
05806


key1: 06506
06205
06206
06606
07401
06706
06006
06508
06509
06406
06806
06503
06501
06506
06507
06504
06505


key1: 06507
07007
06207
06206
07209
06607
06204
06307
06706
06710
07707
06508
06509
06407
06504
06807
06510
06707
06506
06507
06501
06505


key1: 06504
07008
07405
06307
06706


key1: 06505
06708
06907
06607
07407
06508
06908
06208
07208
06407
06705
06405
06510
06501
06506
06507
06504


key1: 09205
08905
09207
09201


key1: 09206
08906


key1: 09207
08307
08507
09507
09201
08707


key1: 09201
09107
09307
09105


key1: 09208
09410


key1: 09209
09110


key1: 09010
09007


key1: 08010
06807
07909
07910


key1: 10207
09007
10201


key1: 10205
10201


key1: 05410
04507
05210
05510
05709
05708
05310
05009
05610
05408
05410


key1: 10201
10305
10007


key1: 10208
10205


key1: 07510
07309
07308
07509
07510
07709


key1: 03601
03608


key1: 03606
03608
03606
04806


key1: 03607
04307
03608
03607
04305


key1: 03605
03905
03608
04507


key1: 03608
03610
04108
04310
03601
03605
04808
03608
03609
03908


key1: 03609
04309
04108
04109
03809
03409
04809
03609
05409


key1: 02609
03108


key1: 02608
03108


key1: 05706
06906
06206
05906
05703
05506
05806
05807
05105
06106
06406
05705
05704
05706
05701
06110
05710
05708


key1: 06502
06305


key1: 05303
05208


key1: 10101
10005
10007


key1: 06110
05809
06210
06202
05910
06702
06209
06208
06707
05709
06108
06110


key1: 05307
06007
05507
05807
05309
05308
05301
05310
05307
05306


key1: 05306
06106
05309
06006
04306
05301
05409
05305
05304
05306


key1: 05105
04808
06308
05105


key1: 05104
05004


key1: 07303
07406
07407


key1: 09401
09406
09305
09307
09605
09606
09607


key1: 09406
08906
09401
09606


key1: 09407
09401
09407
09307
09907
09608
08207
09908


key1: 09405
09401


key1: 09409
09407


key1: 07301
06906
07605
07105
07405
07406
07407
07307
07606
07408
07308
07207
07205


key1: 05003
05206


key1: 05001
04308
04507
04806


key1: 05006
05003
05109
04309
05006
03809


key1: 05007
04507
05907
05509
05207
05507
05807
05407
05001
05007
05008
05707
04307


key1: 06809
06708
06709
06610
06308
07109
06908
06909
07209
07907
06809
06409
06707


key1: 06808
06708
07008
06508
07308
06308
06910
06608
07508
06908
06710
07208
06108
06808
06805
06008
06801
07708


key1: 06807
06907
06908
06707
07307
07007
06804
06507
06801


key1: 07307
07707
07507
07408
07409
07107
07106
07109
07407
07007
07303
07301
07307
07306
07305
06807
07310


key1: 05008
05208
05009
05308
05010
05003
05508
05908
04908
04310
04810
05108
06407
05708
05005
04808
05008
04510
05409
04308
05007


key1: 06804
06606
06707


key1: 06803
06706


key1: 06801
06906
06907
06905
07107
07905
06705
07006
06707
06708
06406
06109
06807
06804
06507


key1: 07306
07409
06506
07406
07303
07301
07308
07206


key1: 07305
07105
07405
07301
07307
07605
07205


key1: 04609
05109
04609
04110
04610
04608
04509
05309
04108
04409
04809
05409


key1: 04608
04108
04609
04310
04610
04109
04605
04608
04508
03908
05308
04408
05008
03807
04308


key1: 04607
05507
06207
05106
04601


key1: 04606
04606
05106


key1: 04605
05607
04508
04905
04608


key1: 07304
07207


key1: 04601
04507
05307


key1: 07707
07507
07407
08407
06507
07707
07706
07705
08107
07907
07701
06510
07607
07207
07709
07708


key1: 07706
07507
07506
07408
07701
07901
07910
08006
07006
07906
07706
07705
07704
07806
07606
08206
07308
07206
07406


key1: 07705
07505
07506
07905
07707
08105
07705
07704
07805
07701
07609
07607
07605
07207


key1: 07704
06505


key1: 07701
07908
08907
07905
07907
07906
07707
07706
07606
07607
07605
07708
07507
07506
07408
07406
07407
06906
06907
07306
07206
06307
08106
07805
07806
07807
07808


key1: 07310
07008
07507
07306


key1: 07709
07408
07409
07910
07509
07907
07707
07706
07209
07608
08108


key1: 07708
07008
07009
08208
08008
07908
07905
07007
07707
07706
07705
07608
06507
07709
07708
07408
07401
07508
06906
07910
06808
07710
07208
07308
07610
07701
07510
08107
07807
07808
08108
08109


key1: 04101
06310
04905
04807
05207


key1: 04103
04808


key1: 04105
04108
04008
04408
04106


key1: 04106
04108
04104
04106
05306


key1: 04107
04101
04110
04108
04109
04107
02907
04807
05007


key1: 04108
04103
04105
03308
04108
04109
04008
04810
03809
04808
03908


key1: 04109
04609
04110
04108
04109
04107
04009
03910
04809


key1: 08110
06708
08310
07107
07910
08110
08010
07007
07208
08208
06306


key1: 04410
04210


key1: 04510
04510
05210
04509
04008
03810
05010
04010
05009
05008
05710


key1: 07410
07908
07410
07408
06910
06908
07608
07806
07309
07709
07708


key1: 04210
04310
04110
04205
03610
04210
04710


key1: 08209
07909
07908
08207
08108
08109


key1: 08208
07908
08008
07907
07007
07708
07408
07405
08708
07508
08608
08210
08408
07808
07208
07308
08106
08208
08207
08205
08108
08109
08201


key1: 08207
08307
08407
08007
07907
08107
08201
08207
08108
07709


key1: 08206
08706
07006
08406
07706
08106
07805
08206
07906
08201


key1: 08205
08005
08105
08204
08201


key1: 08204
08201


key1: 08201
08207
07506
08204
09407
08307
08405
07905
08407
07906
08305
08105
08106
08107
07606
09107
08406
08108


key1: 07008
07008
07009
08008
07908
07001
07005
07006
07007
06508
06507
07708
07408
07409
07508
06909
07108
06708
06709
07010
06908
06707
07208
07209
07308
07207
06208
06808


key1: 07009
07008
06709
07010
05108
07409
07009
06809
07006
07007
07208
07209
09109
07309
06909


key1: 07001
07008
07009
07105
07107
07005
07006
07007
07706
06406
07406
07407
06906
06907
06905
06606
06705
06706
06707
06908
05705
08003
07206
07207
07205
06206
06806


key1: 07003
06806


key1: 07004
06905
07006


key1: 07005
06708
07008
06905
07105
07001
07004
07006
07007
06005
07307


key1: 07006
07008
06906
06706
05106
07001
07406
07003
07004
07401
07006
07906
07707
07108
08101
05506
07005
07007
07206


key1: 07007
07008
07009
07001
07005
07006
07007
07210
06408
07507
07408
07407
06907
06904
06607
06705
06908
06707
07208
07010
07207
04007
06807


key1: 09907
09107
08708
09901


key1: 09906
09901


key1: 09905
10105
09901


key1: 09901
10005
09607


key1: 09909
09809


key1: 09908
09905


key1: 05910
06010
05509
05810
05909
05910
05309
05709
05708
06409
05710
06008


key1: 08501
08307
09005
07408
08707
08405
08305
08107
08505
08506
08507
08607
08605


key1: 08505
08307
08305
08301
08501
07606
08605


key1: 08506
08306
08501
08609
08506
08406


key1: 08507
08307
08807
08707
09007
08007
08507
08501
08107
08510
08207
08509
07308
08607


key1: 08508
08408
08610
08208
08808
08308
08510
08106
08608
08505
08507
08508
07308
08108
08109


key1: 08509
08809
08507


key1: 01206
02406


key1: 07910
07909
07908
06707
07810
08109
07709
07708


key1: 03109
04109
03209


key1: 03108
03101
03610
03108
02908
03807
02609


key1: 03105
03107


key1: 03106
03108


key1: 03101
03608


key1: 06205
07108
06710
06408
06501
07401
06708
06608
06705
06007
06005
06108
06201
06410
06008
06205
06204
06207
06206
05907
06305
05909
06208


key1: 06204
06805
06004
06207
06705
05805


key1: 06207
06208
05407
06407
06406
06107
06409
06408
06507
06310
05509
07407
06907
06607
06901
05507
06707
06007
07007
04807
06201
05707
06105
06410
06204
06207
05907
06307
06209
05807


key1: 06206
06205
06204
06207
06206
06201
05601
06203
06709
05806
06306
06209
06208
06706
06006
06406
07909
06108
05706
06506
05206
05906


key1: 06201
06906
06207
06206
06505
06506
06306
06307
06208
05807
06007
06005
06407
06406
06405
06106
06107
06105
05706
06507
04907


key1: 06203
06206
06407
06406


key1: 06202
06610
05609


key1: 06209
06509
06407
06409
06210
06708
05508
06609
05505
05609
06006
05709
06108
06109
06009
06008
06207
06206
06309
05909
05908
06209
06208
06809


key1: 06208
07104
05206
07007
06508
06107
06409
06408
06507
07408
06210
05701
06108
06110
06708
06709
05508
06609
06608
05608
05808
07208
05809
05708
07305
06308
06710
06410
06009
06008
06205
06207
06206
06201
05908
06209
06208
06807


key1: 04905
05208
04901
05008
04905
04708


key1: 06610
06202
06702
06606
06908
06809
06409


key1: 03207
03208


key1: 04901
04208


key1: 07210
07008
07009
07110
07408
07409
07107
06707
07208
06406
07210


key1: 03208
03206


key1: 04910
04905
04006


key1: 04903
04906


key1: 04904
05005


key1: 07204
06005
07006
07205


key1: 07610
07410
06705
08010
07208
06509
06908
07608
07609
07607
06410


key1: 10307
10301


key1: 03808
04510
03610
04508
03908
04310
04810
03810
03808
03809
03805
03608
03807
04308
03110


key1: 03809
05009
04309
04009
03610
03609
03808
03809
03806
03807
03909
04308


key1: 03805
03808
04508


key1: 03806
04506
03806
03808
03809
07107


key1: 03807
03807
04507
03801
03810


key1: 10305
10301


key1: 03803
03801


key1: 09309
09307
09306
09209


key1: 09308
09208
09301
09108


key1: 09305
09105
09805
09301
09505


key1: 07205
07105
07106
07007
07608
07609
07507
07408
07405
07406
06708
06901
08401
08405
06005
07201
07206
07207
07204
07205
07208
08107
08101


key1: 09306
09301
09106
08906
09406
09506


key1: 09301
09006
08806
09406
09407
09307
09207
09507


key1: 05709
05510
05209
04509
06710
07210
05610
05305
05710
05810
06008
05509
05508
06702
05609
05709
05410
04808
05706
06410
06009
05702
05809
06202
05909
05908
05009
05708


key1: 05708
05208
10008
05308
06508
05707
05710
05810
05910
05510
05408
05509
05508
05507
05808
05709
05708
06108
06109
05705
05310
05706
05701
05703
06008
06207
05906
05908
06209
06208
05008


key1: 06108
06105
03708
06309
03308
04108
05909
05908
06208
06008
06508
06109
05708
06108
06804
06106
04308
06408
06409
06101


key1: 06109
05310
06210
05910
05909
06209
06208
06110
05710
06108
06109
06106
06107
06409
06410
06702
06009


key1: 05705
05808
05906
05905
06005
05701
05807
07208
05709
05708
05705
04808
05707
07206
06008


key1: 06107
06207
05207
06307
06209
06208
06507
05708
06405
06109
06107
05706
06110
06101


key1: 05707
06207
05907
05507
05307
05807
06007
05407
05709
05708
04807
05707
05706
05701
06009


key1: 06105
06208
06108
06109
06106
06110
06101


key1: 05701
06708
06207
06105
05905
05807
06007
05709
05707
05706
06506


key1: 06103
06106
05906


key1: 05703
05508
05506
05908
05608
05708
05706


key1: 05702
06709
06908


key1: 08805
09007
08801
08705
08405
08808
09607
09105
08605


key1: 08710
08710
08510


key1: 08807
08806
08801
08707
08907
09107
08507
08207
08607
08606


key1: 08806
08805
08806
08801
08406
08101
08601
08606


key1: 08801
09006
09007
08807
09005
08705
08905
09307
08907
08405
08407
08606
08805
10007
08507
09106
07605
08607
08906
08605
08107


key1: 08809
08910
08109


key1: 08808
08408
08608
08801
08808
09008


key1: 04310
05109
04510
04310
04110
04610
03709
03610
04810
03810
03808
04307
03910
04308
04808
05008
04309
05010


key1: 05504
05506


key1: 09006
08906
09206
09001


key1: 09007
09007
08807
09001
08507
09107
09108
07808
08607


key1: 03709
03509
03708


key1: 03708
03705
03708
03706
06108


key1: 09001
08805
09007
08807
09005
09207
08907
08806
09107
08607


key1: 10005
10001


key1: 03707
03701
04907


key1: 03706
05305


key1: 09008
09708
09001
08808
09009
08608
09007
09110


key1: 09009
09007
09310


key1: 06403
06306
06406
06706
06606


key1: 05407
05507
04507
06607
05207
05208
05807
05407
05401
05408


key1: 06401
06508
06407
06406
06405
06408
06506
06507
06505
07605
05506
06906
06605
06607
06606
06608
06706
06707
06007
07208
07306
06107
07206
07207
06205
06207
06206
06307
06208


key1: 05405
07001
06005
05408


key1: 06407
05207
06401
06509
06407
06406
06404
07607
06408
06507
05408
05508
06607
06606
06608
06707
06007
06006
06008
06207
06308
06307
06209
06901
05008


key1: 06406
06403
06508
06407
06406
06405
06409
06408
06506
06401
06906
06905
05601
06606
06706
06006
05705
05706
07205
06206
05906
06208
06806


key1: 06405
07101
06205
06206
06408
06607
05905
06608
06208
06705
06708
05308
06005
06401
06407
06406
06405
06505
06008


key1: 06404
06506
06307
06605
07005


key1: 05503
06410


key1: 06409
06708
06907
06210
06609
06305
06209
06208
06706
06909
06509
06407
06406
06809
05709
06409
06408
06410


key1: 06408
06610
06910
06710
06401
06509
06407
06405
06409
06408
06508
06210
07404
06708
06709
06607
06609
06608
06908
06909
07208
06108
06104
06410
06009
06008
06308
06306
06208


key1: 05408
06105
05408
05208
05810
05508
07004
05405
05709
05708
05009
05409
05710
05410


key1: 05409
05509
05508
05210
05609
05010
05404
05403
05408
05409


key1: 05810
05808
05809
06210
05510
05810
05910
06010
05708
04808
05610
05710


key1: 03410
04108
05110
03910


key1: 05109
05109
05108
04609
05309
05006
05009


key1: 05108
05109
05108
04609
05510
05208
05106
05105
05010
04408
04308


key1: 05103
05103


key1: 05101
04506
05206


key1: 05107
05507
05907
05707
05107
05105


key1: 05106
04203
05101
04407
05706
05106


key1: 10301
10306
10205
10007
10506


key1: 06710
06708
07908
06610
07410
06709
06609
06608
06702
05508
06209
07208
06908
07010
05507
06508
06509
06809
06107
06510
06710
06009


key1: 07810
07808
08109


key1: 06810
06810
06510
06910


key1: 05406
05506
05403
05508


key1: 05210
05610
05210
05208
05207
05010
05410
04010
04510
05008
05710
05409


key1: 04610
05109
04110
04810
03910
04308
04410


key1: 07710
08810
06908
07710
07608
08509
08210
07210
07709
07708


key1: 09508
09408


key1: 09501
09307
09306
09208
09605
09505


key1: 09507
09907
09307
09501
09308


key1: 09506
09306
09606


key1: 09505
09305
09501
09605


key1: 04504
04508


key1: 04505
04505
04501
04508
03808
04805
05008
03502


key1: 04506
04506
04507
04501
04508
06006
04906


key1: 04507
04504
04507
04501
04707
05207
04508
05501
05407
04510


key1: 06910
07008
06907
06610
07408
06910
06709
07108
07407
06208
06908
06909
06708
07808
06906
06810
05907
06409
06710


key1: 04503
04008


key1: 04508
04505
04506
04507
04310
05208
04503
04508
04509
05010
04805
04308
04510
04708


key1: 04509
05009
04501
04609
04608
05209
04508
04509
04009
05010
05709
03809
04809
03808
05008
04309


key1: 07408
07008
07908
07108
07905
07006
07007
06508
07608
07609
07606
07310
07709
07708
07506
07408
07409
07405
07406
07407
07401
08608
07508
06708
08408
06607
07910
06908
06909
07710
07208
07209
07308
07610
06007
07410
07510
07808
08108


key1: 07409
06709
07410
07408
07409
07109
07406
07407
07509
07401
07402
06909
07208
07209
07608
07607
07309
08109
07708


key1: 07404
07407
07605


key1: 07405
06205
07201
07408
06309
07404
07405
07406
07407
07905
07401
07907
07706
07208
07209
07607
07308
07206
07207
07205


key1: 07406
07908
07106
07006
07906
07706
07606
07506
07408
07405
07406
07407
07401
07403
08306
07910
06706
06006
07209
07306
07201
07206
07205
08107
06906
07806


key1: 07407
07909
07107
08007
07907
06710
07707
07705
07608
07606
07607
07507
07201
07408
07409
06210
07404
07406
07407
07401
08607
06907
07307
07007
07207
07410
06203
08107
07807


key1: 07401
07908
07107
07006
07007
07707
07706
06908
07606
07607
07605
07505
07507
07506
07408
07405
07406
07407
06906
06408
06706
06707
07208
07307
07306
07305
07206
07207
07205
06206


key1: 07402
07807


key1: 07403
07007


key1: 09610
09409


key1: 08210
08110


key1: 08409
07909
07908
08710
08407
08406
08609
08107
08209
08108


key1: 08408
08409
07908
08610
08408
08401
08410
08405
08407
08608
08308
08208
08508
09105
08108


key1: 08401
08307
07906
07605
07507
08706
08705
08708
08505
08506
08607
08606
08605
08306
08408
08305
08405
08407
07205
08806
08106
08107
08207
08205


key1: 08405
08306
08305
08401
07905
08405
08404
08308
07907
08204
07205


key1: 08404
07606
08405
08406


key1: 08407
08409
08408
08707
07907
08307
08401
07407
08405
08308
08609
08608
08407
07807
08207
08607
07207
08107


key1: 08406
08306
08408
08401
08405
08404
08406
08609
08506
08206
08606


key1: 04009
04009
04008
04510
03809
04006


key1: 04008
03610
04009
04008
04010
04005
03908
04007
04006


key1: 04003
04004


key1: 04002
04004


key1: 04005
04005


key1: 04004
04002
04004


key1: 04007
04001
04008
04010
04009
04007


key1: 04006
04007
04006


key1: 08104
08105
08106


key1: 08105
07908
08005
08408
07901
08405
07905
07907
08104
08105
08106
08107
08101
08207
08206
08605
07708


key1: 08106
08306
06905
07901
07206
07905
08006
08405
07906
08105
08106
08305
08101
07606
08206
08204
08108
07306


key1: 08107
07908
07409
08307
07901
08410
07807
08507
07907
07707
08508
06907
08107
08101
08209
08208
08207
07607
08407
08607
08007


key1: 08101
08007
08006
07905
07907
07906
07707
07706
07705
07605
08705
07407
08606
08605
08306
08307
08305
08407
08406
07307
07206
08808
08105
08106
08107
07807
08207
08206
08205
08108


key1: 08103
06905
07906


key1: 06308
06708
07009
06610
06310
06308
06309
06210
06305
06307
06301
07508
06508
05808
06408
06208


key1: 08108
07909
07908
08008
09008
07608
07310
07709
07708
07408
07810
08607
08408
09308
08110
06908
07208
08308
07207
08808
08105
08107
08208
07808
08108
08109


key1: 08109
08408
08007
08109
08106
08210
08205
08309
08108
07910


key1: 07101
07107
07106
07108
07005
07007
06908
06408
07505
07409
07406
07407
06906
06907
06607
05507
06706
07307
07306
07304
07206
07207
07205
06206


key1: 07103
06906
07006


key1: 07105
07101
06708
06905
07105
07107
07106
07405
06705
06909
07208
06608
07408
07605
07207
07205


key1: 08310
08110
08009
08309


key1: 07107
07101
06907
07104
07107
07108
07407
06707
07307
07607
06409
06909
07207


key1: 07106
07101
07103
06907
07109
07108
07006
07606
07607
06505
07405
07406
07106
06906
06709
06905
06705
06706
07209
06908
07201
07206
07207
07205


key1: 07109
07409
06908
06710
07209
06909
07609
07210
06408
06910


key1: 07108
06708
07101
07410
07408
08008
07107
06608
06908
06909
06007
07208
07608
07108
07808
07210
07309
07308
07008
07105
06910


key1: 04710
04706
05010
04010


key1: 03110
03610
03609
03108


key1: 06210
07107
05510
06010
06508
06509
06408
05305
06110
06310
06210
06709
06609
05608
05708
06108
06410
06008
06207
06206
05908
06209
06208


key1: 03906
03906


key1: 02907
04107


key1: 02908
02906
02908
02609
04107


key1: 02909
03408


key1: 08410
08409
08408
08110
08407
08208


key1: 04908
05208
04908
04909
03808
04901
04905
04910


key1: 04909
05709
04709


key1: 07208
07909
07908
07107
07109
07108
07008
07608
07210
06408
07708
07308
07408
07405
07508
08210
06008
06708
07110
06908
07010
07208
07209
07203
07201
07206
07207
07205
07410
06308
06305
06508
06808
07808


key1: 07209
07008
06709
07110
07410
07409
07107
07009
07109
07108
07007
07609
07309
06707
07206
07207
07709


key1: 07203
07606
06508
07603


key1: 07201
07105
07107
07106
07108
08007
07005
07006
07007
07707
07706
07705
07606
07607
06506
07505
07506
07408
07405
07406
07407
07508
06906
06907
06704
06706
06707
06006
07208
07306
07305
07206
07207
07205


key1: 07206
07101
07106
07006
07007
07706
06406
07606
06501
07506
07405
07406
06906
06706
08406
07208
06908
07201
07206
07204
07205
06306
06301
07805


key1: 07207
07101
07009
07107
07106
07007
07008
07607
07310
07506
07408
07409
07407
06907
08407
06007
07208
07209
07307
07201
07206
07207
07205
08807
06807


key1: 04906
04903
04005
04006


key1: 04907
05607
04207
05007
04807
05707
05307


key1: 05904
06007


key1: 06306
06207
06206
06605
06304
07001
06306
06301
06506
06305
06006
07506
06302
06001
06806
06510
06303
07206
06008


key1: 05908
05903
05808
05907
06210
05905
05508
05909
05908
06209
06208
06508
05708
06108
06109
05008
06408
06009
06008


key1: 01706
02906


key1: 10709
10510


key1: 09310
06409
09109


key1: 04407
04408


key1: 05710
06010
05310
06202
05510
05810
06702
05910
06208
06110
06007
05709
05708
05209
05707
06209
05909
05710


key1: 08701
09006
08805
09005
08707
08905
08906
08405
08406
08806
08506
08607
08605


key1: 08706
08206
08701
08606
08506


key1: 08707
08807
08701
08907
07509
08507
08607


key1: 08810
08910


key1: 08705
08805
08905
08701
08705


key1: 08708
08508
08408
08608
08208
08705


key1: 04303
04808
04206
03908


key1: 04301
03807
04507
04307


key1: 04306
04303
03106
05006
04306
04806


key1: 04307
06207
05007
05107
04310
06005
04301
03607
04807
04308
04309
04307


key1: 04305
05008
03704
04307
04305


key1: 04308
04309
04303
05508
04108
04305
04110
04310
04810
04301
03808
03809
06108
04308
03608
05009
05008


key1: 04309
04309
05009
04109
04509
05309
04306
04409
04307
04809
04808
04308
03609


key1: 03909
03409
03609
03809


key1: 03908
04008
03609
06108
03908
03910


key1: 03309
04509
03309


key1: 03308
03808
03308


key1: 03307
04507
03301


key1: 03306
03307
03309


key1: 06007
06010
06207
05907
05507
06307
05807
06007
06004
06407
05307
06001
05301
05707
06009
06008


key1: 06006
06001
04606
06406
06405
06501
05408
06906
06605
06706
08406
06006
06005
05809
06108
05706
06205
06206
06308
05906
06306
05908
06004


key1: 06005
05808
06307
05907
05906
05905
05506
05908
05807
06208
06005
06001
05705
06408
06506
06008


key1: 06004
06609
06006
06905
06004
07205


key1: 06003
04806


key1: 06001
05807
06405
06107
05706
04307
06207
06706
06007
06006
06005
05708
06106
06308
06105
06008
06205
05808
06206
05907
06305
05806
06208


key1: 06410
08410
06209
06010
07208
06407
06108
04808
06510
06409
06408
06410
05707


key1: 06009
07106
06208
06010
06508
06509
06408
06110
05710
06210
05607
05609
06007
06006
05708
06109
04809
06009
06008
05808
05809
05907
05909
06209
05807


key1: 06008
06708
06001
06010
06508
06409
05610
05710
06310
06210
06906
06709
06408
05508
05608
06705
06007
06006
06005
06003
05708
06108
06009
06008
05808
06308
05908
06209
06208
06808


key1: 05808
05806
06208
06010
06508
06509
05610
05710
05810
06708
04208
05608
05708
06108
06710
06009
06008
05808
05809
06308
05803
06209
05807
05805


key1: 05809
05309
05109
05809
05509
05808
06209
05609
05807
06007
05709
05806
05810
06710
06009
06008


key1: 05801
06206
05806
05807
06007
05708
05707


key1: 05806
05808
05906
05506
05801
05806
06207
05705
05706


key1: 05807
06207
05809
06307
05801
05807
05804
06007
05007
05707
06008
04407
05708


key1: 05804
05205


key1: 05805
05508
05801
06209
05807
05308
05708


key1: 03407
03401
03407


key1: 03408
03405
03208


key1: 03409
04009
04209
03609


key1: 04501
04505
04506
04507
05207
05208
05007
05008


key1: 06310
06310
06308
06309
06210
06710
07808


key1: 07901
07909
07908
08005
08007
07905
07907
07906
07707
07706
07606
07607
07605
07406
08608
08607
08306
08408
08305
08405
07206
08105
08106
08107
07805
07806
07807
08207
08205
08109


key1: 03710
03810


key1: 06708
07008
06610
06910
07108
06710
06508
07210
06409
06408
06507
07408
06210
06707
06608
06708
06709
06701
06703
06704
06705
06706
06909
07208
06908
06510
07309
07308
06410
07610
06008
06308
06209
06208
06808


key1: 06709
06708
06907
06207
06809
06309
06709
06609
05508
05908
06706
06909
07009
07706
07008
06509
06108
04809
06707
06807
06710


key1: 07902
07906


key1: 05509
05509
05407
05507
05506
05909
05508
05609
05309
05308
04805
05410
05709
04309
05409


key1: 05508
05108
05206
05510
05308
06407
06408
05408
05910
03005
05509
05508
05507
05506
05505
05501
05709
05708
06109
04808
05310
06008
05808
05909
06208
05410


key1: 05507
05207
05907
05509
05508
05507
05506
05504
05807
05501
06007
04707
05607
05709
05708
04807
05407
05310
05710
05707
05307


key1: 06701
07008
06906
07105
07107
06907
07006
07007
06508
06509
06407
06406
06506
06507
06504
07408
07406
07106
06708
06709
06904
06905
06605
06607
06606
06608
06705
06706
06707
06908
06008
06208
06807
06806
06805


key1: 05505
05808
05508
05805
05707
07205
04308
05306


key1: 06703
06708
06907
06806
06706
06606


key1: 06704
06005
06507


key1: 06705
06906
07105
07905
07907
06706
06406
06405
06506
06708
06907
06905
06605
06607
06701
06908
06707
06005
07006
07305
07207
07205
06307
07208
06807


key1: 06706
06906
06709
06206
06309
06606
05506
06702
07106
05503
06705
06706
06710
06708
06506
07306
07806
06701
06704
06703
06707
07206


key1: 06707
06610
07107
08307
07901
06709
07007
06509
06706
07701
07210
06708
06907
07110
06607
06701
06704
06705
08407
06707
06908
06108
06710
07207
06207
06307
06808
06807
06407


key1: 03801
03805
04308
04205


key1: 07801
07908
07507
07506
07409
08105
07905
08106
07907
07906
07707
07606
07705
08107
07805
07806
07807
08207
07607
07605
08605


key1: 07804
07606
07408


key1: 07805
07908
07401
07801
07804
07806
07808
07605


key1: 07806
06906
08306
07909
08006
07608
07706
07406
07803
06706
07906
07606
08106
08608
07806
07810
07808
07605
07801


key1: 07807
07909
07908
07407
07510
08007
07807
07907
07710
07801
08107
07609
07606
07607
07604
08109


key1: 07808
07909
07908
07408
07409
06608
07910
06208
08109
07801
07208
08608
07805
07608
07807
07808
07605
08108
07610
08008


key1: 07809
07909
08307
08107
08009


key1: 06806
06906
06606
06506
07106
06706
08407
06908
06806
06803
06801


key1: 05201
05108
04507
05305
05205
04107


key1: 10006
10206


key1: 05203
05407
05708


key1: 05204
05707
05305
05206


key1: 10001
10005
10207
10206
09907
09906
09905
09606
09607
10105
09805


key1: 05206
05201
05203
05204
05207
05106
06001
05306


key1: 05207
05201
05207
05507
05209
04707
05007
05707
05307


key1: 05208
05203
05205
05207
05208
05209
05508
05608
04509
05609
05308
05210
05108
05709
05007
05407
04808
05008
05409
05408
05708


key1: 05209
04510
05206
05210
05208
05209
05909
04509
05309
05709
05708
05009
05409


key1: 08304
08105


key1: 05610
05510
07210
05809
05610
05410


key1: 02410
02409


key1: 08910
07905
07708


key1: 09510
09007


key1: 05110
05309
05110


key1: 09109
09007
09108
09009


key1: 09108
08408
09308
08708
08407
09109
09108
09107
09105
09101


key1: 09107
09007
06207
09407
09307
08907
08807
09207
09107
09208
09101


key1: 09106
09106
09105
09306
08906
09101


key1: 09105
08805
08908
08905
09207
09605
09101


key1: 09307
09407
09307
09409
09301
09607
09107
09507


key1: 09101
09005
08806
09305
08906
09205
09207
09107
09105


key1: 06906
06708
07105
07104
07106
04508
07005
07006
07007
06706
06406
07606
06506
06910
05706
07409
07406
07401
06906
06903
06901
06608
06705
06908
06707
07307
07306
07201
07206
06206
06306
06806


key1: 06907
07008
06708
06910
07107
07009
07001
07110
07007
07608
06507
07409
07407
06906
06907
06904
06607
06901
06908
06909
07209
05707
06707
07207
06207
06807


key1: 06904
06906
06905
07105
07005
06506
06505


key1: 06905
06906
06907
06904
06905
06902
07107
06901
07108
07004
06705
06908
07005
06708
07208
06706
07305
06808
06106
06605
06805
07205


key1: 06902
07209
07501
08003
07007


key1: 06903
06708


key1: 06901
07008
06906
07105
07107
07106
07108
07005
07006
07007
07606
06506
06507
07406
07407
05910
06708
06907
06905
06606
06706
06707
07208
06908
06807
06805
07306


key1: 05205
05201
04507
05204
05208
04706
06101


key1: 05005
04508
04708


key1: 06908
07008
07908
06610
06910
07009
07109
07108
07006
06508
07608
07210
06408
06310
07408
07409
06707
06906
06907
07110
06905
06903
06901
06608
06709
06908
07010
06007
07208
07209
06510
07309
06909
07205
07410
06208
06708
06808
08108


key1: 06909
07009
06610
06910
06709
07109
06710
06509
06409
06408
07409
06906
06907
06609
06703
06908
07010
07209
06706
06909
06708
06809
06808


key1: 10509
10409
06208


key1: 05906
05903
06708
05901
06206
05906
05905
05909
05908
05606
06006
04406
06008


key1: 10501
10207
10006
10607
10506


key1: 06510
06708
06309
06210
05910
06508
06509
07608
06510
06410
06507


key1: 06805
06905
07105
07109
07005
06908
06707
06806
06804
06801


key1: 10507
10501
10508


key1: 10506
10501


key1: 05009
05109
04609
05509
05010
04508
06209
04509
04909
05110
05209
04809
04306
05008
05009
04606
05408
04907


key1: 09601
09407
09405
09906
09905
09605
09807
09505


key1: 09605
09907
09601
09106
09105
09506
09505


key1: 09606
09601
09406
08406


key1: 09607
09807
09601
09507
09707
09607


key1: 09608
09608


key1: 09609
09809


key1: 02707
03607


key1: 08009
07909
07809
08308
07709
07908


key1: 08008
08008
08005
07108
08007
08010
07710
08308
08208
07808
07308
08108
07708


key1: 08005
08008
08005
08004
08007
08001
07906
07707
08105
07905


key1: 08004
08001
08106
08305
07905


key1: 08007
08307
08005
08007
07807
08001
07907
08207
08107
08209
08208
07808


key1: 08006
08306
08006
08001
08010
07906
08106
08101
08207
08206


key1: 08001
08706
08004
08007
07905
07907
07906
08106
08107
08206


key1: 08003
06905


key1: 06106
07605
05205
06406
06106
06105
06103
06101


key1: 04409
04009
03409
04409
04408
04109


key1: 04408
04405
04109
04409
04408


key1: 05704
05505
05706
06008
05904


key1: 04405
04108
05607
04408


key1: 04010
03307
04510
04010
04507


key1: 04406
04406
05906


key1: 05310
05308
05210
05510
04109
05807
05309
05010
04810
05110
06510
05310


key1: 07505
07505
07507
07506
07501
07608
07503
07407
07508
07705
07806
07609
07605


key1: 07504
07307
07503


key1: 07507
07507
07807
07501
07409
07510
07407
07907
07707
07307
07608
07810
07607
07207


key1: 07506
06907
07506
07501
07502
07406
07508
07401
07706
07609
07606
07206


key1: 07501
06906
07506
07408
07107
08103
07406
07407
07205
07508
08407
07706
07306
07805
07806
07807
07808
07607
07605
07206
07207
07708


key1: 07503
07604


key1: 06102
05709
06710


key1: 07509
07409
07709


key1: 07508
07008
07505
07507
07506
07501
07608
07908
07108
07407
07509
07508
06707
07810
07208
07909
07609
07408
07308
08108
07708


key1: 03610
03410
04110
03610
02910
03810
03809
09106
03608


key1: 06101
06205
06207
06306
06007
06005
06106
05706


key1: 08306
08306
08409
08301
07406
08405
07906
08106
08101
08506
08206
08406
06506


key1: 08307
08307
08408
08301
08607
08410
08407
08609
08107
08101
08507
08207
08108
08007


key1: 07110
06708
06709
07408
06908
06710
07209
07907
07210
07309
06408


key1: 08305
08408
08304
07907
07801
08301
08405
08407
08105
08505
08506
08308
08605


key1: 08301
08008
08007
07907
07906
07606
07607
08507
08607
08606
08306
08307
08305
09307
08405
08407
08406
08308
08105
08106
08107
08207
08206
08205


key1: 08308
08408
08305
08008
08301
08808
08308
07508
08508
07807
07808
08108
08109


key1: 08309
08306
07908
08409
08310
08408
08410
08110
08407
06710
08606
09808
08109


key1: 04706
04706


key1: 04707
04507
05507
04207
05407
05607
04710
04807
04701
04407
04010


key1: 04704
04707


key1: 04705
04808
05005
04707
04608


key1: 04701
04508
05006


key1: 04708
04705
04710
05008
04308
04708
04709


key1: 04709
04009
05209
05009
04509
04008


key1: 04810
04309
05310
04105
05508
04608
05309
05308
04810
04110
04808
04308
04510
03608
05710


key1: 05604
05606


key1: 05606
05604
05605
05606
05601
05908
05709
06506


key1: 05305
05308
05709
05307
05306


key1: 07608
07908
07108
07609
07608
07210
07606
07607
07604
07605
07603
07601
06408
07408
07409
07407
07509
07508
08608
07708
07208
07308
07610
07410
08808
08107
07808
08108


key1: 07609
07909
06905
07405
07910
07407
08309
07710
07209
07608
07609
07606
07809
07309
06909


key1: 07606
07906
07706
07608
07606
07604
07605
07603
07601
07408
07409
07406
07407
07401
06505
06906
08110
06909
07206
07610
06101
07801
07805
07806


key1: 07607
06907
07507
07408
06910
07107
07602
07407
07905
07907
07707
06407
07306
07608
07807
07808
07607
07601
08310
07603
07708


key1: 07604
07707
07406
07306
07806
07106


key1: 07605
07909
07908
07905
07707
07705
07608
07606
07604
07605
07601
07505
07408
07405
07407
07805
08401
06705
07307
07206
07205
08101
07807


key1: 07603
07606
07506
07805


key1: 07601
07908
06907
07906
07707
07706
07705
07608
07606
07607
07505
07507
07506
07405
07406
07407
08408
08305
07206
07207
08805
07805
07806
07807


key1: 06104
06106


key1: 05304
05705
05408


key1: 05010
05208
05210
05510
04305
04508
05010
04810
03810
05110
04710
04310
05008
04510


key1: 04209
04210
04208
04207
04606


key1: 04208
04209
04208
04201
04207
04205
04210
06108


key1: 04203
05104
04206
04205
03801


key1: 04202
03502


key1: 04201
04206
04205


key1: 04207
04607
04201
04209
04907


key1: 04206
04203
04201
03502


key1: 04205
05103
04202
04201
04604
04203
03502


key1: 04801
04107
05506
04801
04705
04805
05708
04807
04806
04808
04606


key1: 04803
04607


key1: 04805
04801
05605
04708
04808


key1: 04804
04804


key1: 04807
06007
04507
04107
05507
04801
04707
05007
04807
04808
05707
04907


key1: 04806
05606
04106
04801
04909
04805
04806
05009


key1: 04809
05009
04609
05509
04109
05309
04810
04807
04806
04809
04808
03609
06009
04709


key1: 04808
05108
05508
05208
04801
05308
04810
04805
05708
04310
04809
04808
04308
05008
04708


key1: 07309
06508
07307
07208


key1: 07308
06904
07410
07408
07409
07108
07208
06908
07508
07301
07307
07305
07405
07608
07308


key1: 05004
05305
05104


key1: 03910
03810
04307
03910


key1: 04110
04108
04609
04608
04610
04109
04110
03410
04310
04810
03810
03910
04808


key1: 03310
03810


key1: 10007
10001


key1: 06010
06910
05207
05309
06110
05710
06210
05810
05910
04708
06008
05509
06007
05708
06109
06510
06009
04709
06010
05906
06209
06208
05007


key1: 09005
09105
08607
09001


key1: 09808
09508
09808


key1: 09806
09801


key1: 09807
09707
09801


key1: 09805
09305
09801


key1: 09801
10005
10006
09605
09607


key1: 08609
07909
07409
08507
08606
08608
08208
08509
08309
08108
08109
08107


key1: 08608
08408
07408
08909
08710
08607
08708
08808
08308
07808
08608
08510
08508
08610
08601
08310
08108
08410
08605
07708


key1: 08601
08805
08807
08305
08705
08308
08907
08405
08407
08406
08806
08505
07608
08507
08207
08206
07906
08108
08606
08605
08208


key1: 08607
09007
08807
08707
08708
08907
08106
08407
08609
08608
08507
08601
08607
08107


key1: 08606
08306
08601
08806
08606
08406


key1: 08605
08408
08906
08405
08407
08105
08106
08505
08207
08601
08605
08604


key1: 08604
08106


key1: 07010
07008
06209
06705
06908
06710
07209
07006
07210
06510
07010


key1: 05903
06403
07208
05706
05906


key1: 05902
06409
06210


key1: 05901
05607
05907
05209
05909
06208
06005
06206
06008


key1: 05907
06708
06601
05901
05607
06408
05906
05908
06207
06007
06107
05705
05907
05707
05409
06009
06008


key1: 06309
06709
06207
05809
06308
06309
06210
06209
06509
06510


key1: 05905
06205
05808
05906
05505
05908
05708
06008


key1: 06402
05510


key1: 06304
06306
06406


key1: 06305
06305
06306
06301
05905


key1: 05909
06007
05906
05509
05207
06209
05909
05908
05910
06009
06010
05709
05708
06109
06110
05710


key1: 06307
06207
06607
06304
06305
06307
06301
06707
05407
06407
06408
06507


key1: 06301
06207
05207
06606
06506
06306
06307
06707
06007
06407
06108
07206


key1: 06302
06502
06309


key1: 06303
06506


key1: 08510
08510


key1: 05402
05405
05402


key1: 07909
08409
07908
07909
06206
07409
08307
07910
07407
07907
07906
07807
07808
08109


key1: 07908
07008
07908
07909
07105
07901
07905
07005
07907
07707
07705
07608
07609
07602
07708
07408
07508
06708
06608
07910
08110
08308
06909
07208
07308
06308
06208
08208
07808
07809
08108
08109


key1: 05510
08910
05509
05210
05510
05508
06706
05507
05709
05410
05310
05710
05409


key1: 07903
07606


key1: 05401
05506
05707
05706


key1: 07905
07908
07105
08209
08005
08105
07901
08405
08007
07905
07904
07906
07707
07706
07705
07805
06705
07807
07005
07808
07605


key1: 07907
07909
07908
08009
08008
07107
07901
07904
07907
07906
07707
07705
07701
07606
07607
07605
07709
07507
07409
07407
08307
06905
08401
07910
08110
08407
08105
08107
07807
08207


key1: 07906
07908
07605
07906
07706
08401
07903
07905
07006
08406
07710
07901
08106
08608
08101
07806
07606
08206
05706
07406
08107


key1: 03509
03506


key1: 03508
03505


key1: 10105
09905
10101


key1: 03502
03502
03505
04205


key1: 03505
03408


key1: 03506
04509


key1: 05506
05808
05509
05508
05507
05506
05806
05502
05501
04306
05706


key1: 06702
05709
06109


key1: 06601
06906
06207
06408
06607
07107
06606
06608
07407
06705
06706
07005
06208
06307
06407
07306
06405
06807
06806
06707
06507
06505


key1: 06603
06406
06606


key1: 05607
05604
05607
05601
06407
06107
05707
05610
05307


key1: 06605
06601
06907
06308
06607
06606
06608
06401
06705
06708
06508
07305
06408
07207


key1: 06604
06601
06606


key1: 06607
06601
06907
06207
06605
06607
07106
06609
06608
06208
06709
06707
06708
06407
07807
06807


key1: 06606
06601
06709
06206
06605
06607
06606
07405
07106
06908
06406
07806
06806
06506


key1: 06609
07009
06210
06607
06606
06609
06608
06209
06709
06909
06010
06407
06510
05709
06409
06408
05906


key1: 06608
06601
06708
06610
07605
06605
06607
06709
06609
06608
06209
06208
06908
06909
06207
06508
06808
06810
06408
06008


key1: 05608
05808
05508
05608
05609
05708
03908
05710
06008


key1: 05609
05809
05509
04609
05210
05208
07106
05608
05609
05309
04909
05709
05708
04809
05610
05710
05409


key1: 05501
05508
05507
05506
06007
06406
05306


key1: 05601
05607
05007
05307


key1: 08908
08408
08908
08905
08709
08808
08608
09108


key1: 08909
08509
08907


key1: 08905
09305
08805
08807
08901
08705


key1: 08906
09006
08806
09406
08901


key1: 08907
09007
08807
08908
08909
08907
08901
09107
08707


key1: 08901
08805
09007
08806
08705
08907
08406
07906


key1: 03810
03610
04310
03810
03808
04308
03807
03110


key1: 09110
09110
08410
09109


