82.000000	1.073923	1.422222
84.000000	1.422222	1.700862
85.000000	1.700862	1.973696
81.000000	1.973696	2.234921
82.000000	2.234921	3.337868
65.000000	3.337868	3.866122
65.000000	3.866122	4.388571
65.000000	4.388571	4.986485
66.000000	4.986485	5.642449
75.000000	5.642449	8.028299
58.000000	8.028299	8.411428
60.000000	8.411428	9.003537
70.000000	9.003537	10.733424
63.000000	10.733424	11.029478
69.000000	11.029478	11.888617
76.000000	11.888617	12.741950
72.000000	12.741950	15.801179
70.000000	15.801179	16.416508
82.000000	16.416508	16.985397
70.000000	16.985397	17.618141
80.000000	17.618141	19.406076
73.000000	19.406076	20.003990
70.000000	20.003990	20.288435
72.000000	20.288435	21.327528
77.000000	21.327528	23.156099
75.000000	23.156099	23.881723
58.000000	23.881723	24.247438
75.000000	24.247438	26.134060
54.000000	26.134060	26.760998
75.000000	26.760998	31.695238
82.000000	31.695238	32.217686
84.000000	32.217686	32.531155
85.000000	32.531155	32.833015
81.000000	32.833015	34.249432
65.000000	34.249432	34.742859
58.000000	34.742859	35.236282
58.000000	35.236282	35.828388
66.000000	35.828388	36.437912
76.000000	36.437912	39.369434
60.000000	39.369434	40.402721
81.000000	40.402721	41.145760
77.000000	41.145760	41.575329
101.000000	41.575329	41.853970
100.000000	41.853970	42.057144
99.000000	42.057144	42.248707
97.000000	42.248707	42.405441
97.000000	42.405441	42.573788
66.000000	42.573788	42.742130
71.000000	42.742130	42.904671
89.000000	42.904671	43.276192
87.000000	43.276192	46.294785
58.000000	46.294785	46.962357
70.000000	46.962357	47.548660
70.000000	47.548660	48.042088
70.000000	48.042088	48.558731
70.000000	48.558731	49.708118
55.000000	49.708118	50.300228
75.000000	50.300228	50.799458
75.000000	50.799458	51.147755
75.000000	51.147755	51.925625
77.000000	51.925625	53.237553
64.000000	53.237553	54.288254
64.000000	54.288254	54.590115
77.000000	54.590115	54.874557
51.000000	54.874557	55.124172
69.000000	55.124172	55.338959
82.000000	55.338959	55.553741
84.000000	55.553741	55.803356
85.000000	55.803356	57.109478
58.000000	57.109478	57.399727
78.000000	57.399727	57.620319
58.000000	57.620319	57.858322
73.000000	57.858322	59.054150
72.000000	59.054150	59.681087
70.000000	59.681087	60.081635
70.000000	60.081635	60.505398
53.000000	60.505398	61.114922
61.000000	61.114922	61.445805
70.000000	61.445805	61.701225
78.000000	61.701225	61.916008
70.000000	61.916008	62.130795
73.000000	62.130795	63.291790
53.000000	63.291790	63.698139
57.000000	63.698139	63.837460
70.000000	63.837460	64.249611
69.000000	64.249611	64.667572
49.000000	64.667572	65.300316
63.000000	65.300316	65.607979
71.000000	65.607979	65.875008
52.000000	65.875008	66.443901
58.000000	66.443901	66.774788
71.000000	66.774788	68.475647
57.000000	68.475647	69.439278
70.000000	69.439278	76.132423
64.000000	76.132423	77.734604
75.000000	77.734604	78.367348
63.000000	78.367348	78.889793
72.000000	78.889793	79.377419
70.000000	79.377419	79.963722
68.000000	79.963722	80.933151
58.000000	80.933151	81.513649
60.000000	81.513649	82.454056
61.000000	82.454056	83.005531
75.000000	83.005531	83.487350
48.000000	83.487350	83.998184
65.000000	83.998184	84.352287
66.000000	84.352287	84.683174
54.000000	84.683174	85.298500
69.000000	85.298500	89.785759
64.000000	89.785759	98.034645
58.000000	98.034645	99.880638
60.000000	99.880638	100.530792
54.000000	100.530792	101.111290
57.000000	101.111290	101.802086
61.000000	101.802086	106.045532
64.000000	106.045532	107.792831
75.000000	107.792831	110.259956
68.000000	110.259956	111.229385
58.000000	111.229385	111.838913
72.000000	111.838913	112.825760
61.000000	112.825760	113.348206
75.000000	113.348206	114.369888
65.000000	114.369888	114.764626
66.000000	114.764626	115.107117
54.000000	115.107117	115.728256
69.000000	115.728256	116.511925
77.000000	116.511925	118.717827
77.000000	118.717827	120.784401
76.000000	120.784401	124.517006
57.000000	124.517006	127.193108
57.000000	127.193108	127.494965
55.000000	127.494965	128.110291
50.000000	128.110291	128.864944
58.000000	128.864944	130.716736
60.000000	130.716736	131.633926
57.000000	131.633926	132.568527
61.000000	132.568527	134.791840
63.000000	134.791840	136.405624
58.000000	136.405624	137.839462
66.000000	137.839462	138.489609
65.000000	138.489609	138.808884
66.000000	138.808884	139.046890
68.000000	139.046890	139.302307
70.000000	139.302307	140.178864
51.000000	140.178864	140.707123
56.000000	140.707123	141.653336
44.000000	141.653336	142.001633
70.000000	142.001633	142.425400
69.000000	142.425400	142.727249
66.000000	142.727249	143.000092
65.000000	143.000092	143.870834
66.000000	143.870834	144.282990
65.000000	144.282990	144.602264
63.000000	144.602264	144.869293
61.000000	144.869293	148.462585
64.000000	148.462585	149.542313
65.000000	149.542313	159.822952
58.000000	159.822952	160.223495
49.000000	160.223495	160.519547
40.000000	160.519547	161.314835
49.000000	161.314835	161.599274
60.000000	161.599274	162.243622
54.000000	162.243622	162.568710
57.000000	162.568710	163.567169
61.000000	163.567169	165.918182
53.000000	165.918182	166.690247
49.000000	166.690247	167.247528
56.000000	167.247528	167.526169
65.000000	167.526169	167.793198
63.000000	167.793198	168.896149
73.000000	168.896149	169.482452
68.000000	169.482452	170.515732
70.000000	170.515732	170.846619
49.000000	170.846619	171.131073
70.000000	171.131073	172.913193
53.000000	172.913193	173.998734
56.000000	173.998734	174.271561
65.000000	174.271561	174.532791
75.000000	174.532791	175.084259
53.000000	175.084259	175.606705
73.000000	175.606705	176.152374
52.000000	176.152374	176.599365
70.000000	176.599365	176.918640
52.000000	176.918640	177.214691
70.000000	177.214691	177.475922
61.000000	177.475922	177.748749
70.000000	177.748749	179.374146
44.000000	179.374146	179.710846
61.000000	179.710846	180.755737
49.000000	180.755737	181.121445
49.000000	181.121445	181.417511
49.000000	181.417511	181.701950
58.000000	181.701950	182.520447
49.000000	182.520447	182.746841
47.000000	182.746841	183.333145
58.000000	183.333145	186.746490
77.000000	186.746490	206.791107
63.000000	206.791107	217.820587
89.000000	217.820587	221.518372
78.000000	221.518372	222.261398
82.000000	222.261398	226.191376
77.000000	226.191376	240.477463
60.000000	240.477463	240.872192
85.000000	240.872192	241.220505
81.000000	241.220505	241.551376
82.000000	241.551376	242.793655
77.000000	242.793655	243.345123
77.000000	243.345123	243.931427
65.000000	243.931427	249.457779
82.000000	249.457779	250.955460
101.000000	250.955460	251.268936
100.000000	251.268936	251.483719
68.000000	251.483719	251.669479
85.000000	251.669479	251.843628
96.000000	251.843628	252.029388
66.000000	252.029388	252.348663
62.000000	252.348663	252.453156
89.000000	252.453156	256.499237
82.000000	256.499237	257.114563
82.000000	257.114563	257.654419
70.000000	257.654419	258.223297
70.000000	258.223297	259.541046
55.000000	259.541046	260.133148
75.000000	260.133148	260.580139
75.000000	260.580139	260.794922
63.000000	260.794922	260.980682
75.000000	260.980682	261.230286
77.000000	261.230286	261.851440
65.000000	261.851440	262.623505
64.000000	262.623505	263.111115
64.000000	263.111115	263.761261
58.000000	263.761261	264.121185
59.000000	264.121185	264.544952
79.000000	264.544952	264.875824
62.000000	264.875824	265.154480
70.000000	265.154480	265.433105
53.000000	265.433105	265.729156
57.000000	265.729156	266.652161
58.000000	266.652161	267.023682
58.000000	267.023682	267.325531
78.000000	267.325531	267.534515
58.000000	267.534515	267.760895
73.000000	267.760895	268.962555
72.000000	268.962555	269.508209
70.000000	269.508209	269.856506
58.000000	269.856506	270.849152
61.000000	270.849152	271.226471
82.000000	271.226471	271.476105
78.000000	271.476105	271.685089
58.000000	271.685089	271.888245
71.000000	271.888245	273.031830
72.000000	273.031830	273.612335
70.000000	273.612335	274.053528
57.000000	274.053528	274.901031
66.000000	274.901031	275.185486
66.000000	275.185486	275.498962
71.000000	275.498962	275.783386
66.000000	275.783386	276.067841
83.000000	276.067841	276.358093
58.000000	276.358093	276.665771
71.000000	276.665771	278.058960
63.000000	278.058960	278.424683
57.000000	278.424683	279.278015
70.000000	279.278015	281.704498
71.000000	281.704498	283.324097
57.000000	283.324097	287.724274
59.000000	287.724274	293.093872
59.000000	293.093872	293.680176
54.000000	293.680176	294.098145
57.000000	294.098145	294.794739
63.000000	294.794739	295.154663
47.000000	295.154663	295.497131
69.000000	295.497131	295.932526
63.000000	295.932526	296.460785
82.000000	296.460785	296.884521
81.000000	296.884521	297.250244
76.000000	297.250244	297.633392
75.000000	297.633392	298.045532
71.000000	298.045532	298.504120
66.000000	298.504120	299.009155
51.000000	299.009155	299.583862
63.000000	299.583862	300.315277
59.000000	300.315277	301.383392
63.000000	301.383392	303.049438
46.000000	303.049438	305.708130
53.000000	305.708130	307.281281
62.000000	307.281281	309.359467

70.000000	1.073923	1.718277
79.000000	1.718277	3.796463
77.000000	3.796463	4.353742
67.000000	4.353742	4.841361
77.000000	4.841361	6.397098
75.000000	6.397098	7.598730
70.000000	7.598730	8.156009
79.000000	8.156009	9.340227
72.000000	9.340227	9.601451
72.000000	9.601451	11.290703
60.000000	11.290703	11.853786
82.000000	11.853786	13.351474
80.000000	13.351474	15.162630
77.000000	15.162630	16.811247
79.000000	16.811247	17.972244
62.000000	17.972244	18.599184
75.000000	18.599184	20.241995
72.000000	20.241995	22.238911
70.000000	22.238911	22.976145
62.000000	22.976145	23.783039
84.000000	23.783039	24.444807
82.000000	24.444807	24.862766
81.000000	24.862766	25.153015
79.000000	25.153015	25.460680
80.000000	25.460680	25.733515
72.000000	25.733515	26.041180
74.000000	26.041180	26.389479
75.000000	26.389479	32.026123
58.000000	32.026123	36.577232
75.000000	36.577232	37.389931
60.000000	37.389931	37.987846
73.000000	37.987846	38.452244
53.000000	38.452244	38.934059
80.000000	38.934059	39.218502
79.000000	39.218502	40.362087
60.000000	40.362087	40.698776
82.000000	40.698776	43.392292
79.000000	43.392292	44.071472
77.000000	44.071472	45.615601
77.000000	45.615601	45.841995
79.000000	45.841995	46.457325
79.000000	46.457325	46.973969
55.000000	46.973969	47.519638
75.000000	47.519638	49.330795
72.000000	49.330795	51.403175
70.000000	51.403175	52.163628
62.000000	52.163628	52.929886
72.000000	52.929886	53.725170
70.000000	53.725170	58.392380
74.000000	58.392380	59.042542
75.000000	59.042542	59.704308
77.000000	59.704308	60.807255
46.000000	60.807255	61.242630
79.000000	61.242630	62.275917
77.000000	62.275917	62.815781
77.000000	62.815781	64.220589
72.000000	64.220589	65.909843
75.000000	65.909843	66.658684
63.000000	66.658684	67.181137
63.000000	67.181137	67.744217
75.000000	67.744217	68.394379
47.000000	68.394379	73.200905
70.000000	73.200905	74.251610
67.000000	74.251610	74.721817
81.000000	74.721817	75.203629
60.000000	75.203629	75.621590
67.000000	75.621590	76.051155
77.000000	76.051155	76.474922
63.000000	76.474922	77.281815
58.000000	77.281815	77.722992
43.000000	77.722992	78.599548
56.000000	78.599548	80.161087
74.000000	80.161087	80.793831
72.000000	80.793831	81.252426
62.000000	81.252426	81.699409
70.000000	81.699409	82.216057
71.000000	82.216057	82.761726
52.000000	82.761726	86.772972
79.000000	86.772972	87.492790
63.000000	87.492790	88.253242
69.000000	88.253242	88.560905
70.000000	88.560905	88.781494
71.000000	88.781494	89.025307
70.000000	89.025307	89.483902
73.000000	89.483902	90.459137
77.000000	90.459137	93.007530
76.000000	93.007530	93.251335
75.000000	93.251335	93.471924
75.000000	93.471924	93.675102
77.000000	93.675102	93.930519
79.000000	93.930519	94.307846
59.000000	94.307846	94.603897
72.000000	94.603897	94.882538
73.000000	94.882538	95.091522
72.000000	95.091522	95.352745
53.000000	95.352745	95.561722
76.000000	95.561722	95.834557
80.000000	95.834557	96.113197
79.000000	96.113197	96.455688
66.000000	96.455688	97.146484
79.000000	97.146484	97.465759
82.000000	97.465759	98.969254
68.000000	98.969254	100.048981
79.000000	100.048981	100.600456
76.000000	100.600456	102.876007
79.000000	102.876007	104.135689
55.000000	104.135689	104.739410
75.000000	104.739410	109.540138
58.000000	109.540138	116.448074
74.000000	116.448074	116.964714
75.000000	116.964714	117.487167
77.000000	117.487167	117.980591
62.000000	117.980591	118.799095
67.000000	118.799095	119.727890
58.000000	119.727890	120.186485
65.000000	120.186485	121.475189
72.000000	121.475189	122.949661
75.000000	122.949661	123.681091
75.000000	123.681091	124.215149
75.000000	124.215149	124.644714
75.000000	124.644714	125.532883
74.000000	125.532883	125.817322
75.000000	125.817322	126.653244
75.000000	126.653244	128.301865
70.000000	128.301865	128.702408
51.000000	128.702408	129.637009
82.000000	129.637009	131.117279
69.000000	131.117279	131.552658
48.000000	131.552658	131.947388
67.000000	131.947388	132.365356
78.000000	132.365356	132.806534
63.000000	132.806534	133.752747
62.000000	133.752747	134.257782
43.000000	134.257782	135.244629
75.000000	135.244629	137.078995
74.000000	137.078995	137.763992
72.000000	137.763992	138.280640
50.000000	138.280640	138.756638
70.000000	138.756638	139.290710
71.000000	139.290710	139.882812
52.000000	139.882812	140.573608
72.000000	140.573608	143.632828
75.000000	143.632828	143.928894
79.000000	143.928894	144.474564
51.000000	144.474564	145.246628
69.000000	145.246628	145.548477
70.000000	145.548477	146.001266
70.000000	146.001266	146.216049
73.000000	146.216049	146.430832
74.000000	146.430832	146.663040
55.000000	146.663040	147.179688
77.000000	147.179688	147.377045
77.000000	147.377045	148.636734
63.000000	148.636734	149.118546
50.000000	149.118546	149.455231
65.000000	149.455231	149.751297
75.000000	149.751297	149.960266
74.000000	149.960266	150.163452
75.000000	150.163452	150.366623
77.000000	150.366623	150.593018
67.000000	150.593018	150.871658
59.000000	150.871658	151.173508
72.000000	151.173508	151.417328
73.000000	151.417328	151.626297
72.000000	151.626297	151.841095
53.000000	151.841095	152.044266
64.000000	152.044266	152.317093
80.000000	152.317093	152.589935
79.000000	152.589935	152.932419
66.000000	152.932419	153.309753
60.000000	153.309753	153.605804
60.000000	153.605804	153.977325
82.000000	153.977325	155.562088
80.000000	155.562088	159.474655
79.000000	159.474655	160.107391
79.000000	160.107391	160.664673
55.000000	160.664673	161.192932
75.000000	161.192932	161.726990
63.000000	161.726990	162.295868
55.000000	162.295868	162.911209
60.000000	162.911209	163.503311
63.000000	163.503311	164.141861
63.000000	164.141861	164.879089
58.000000	164.879089	165.447983
58.000000	165.447983	165.773056
63.000000	165.773056	166.196823
73.000000	166.196823	166.516098
65.000000	166.516098	167.108215
71.000000	167.108215	167.398453
82.000000	167.398453	167.711929
81.000000	167.711929	168.031204
62.000000	168.031204	169.105118
77.000000	169.105118	173.151199
75.000000	173.151199	174.788208
58.000000	174.788208	175.304855
75.000000	175.304855	179.617966
75.000000	179.617966	184.546402
75.000000	184.546402	185.109482
75.000000	185.109482	185.318451
75.000000	185.318451	185.945404
86.000000	185.945404	186.485260
84.000000	186.485260	187.042542
82.000000	187.042542	189.643173
72.000000	189.643173	190.154007
74.000000	190.154007	190.688080
75.000000	190.688080	191.831650
75.000000	191.831650	192.441177
75.000000	192.441177	192.737228
75.000000	192.737228	193.172607
63.000000	193.172607	194.054962
77.000000	194.054962	194.652878
63.000000	194.652878	195.024399
62.000000	195.024399	196.318909
63.000000	196.318909	203.604172
75.000000	203.604172	204.823227
40.000000	204.823227	206.042267
75.000000	206.042267	207.011703
75.000000	207.011703	207.220688
77.000000	207.220688	207.458679
79.000000	207.458679	207.975327
63.000000	207.975327	209.327896
51.000000	209.327896	210.274109
75.000000	210.274109	210.802353
68.000000	210.802353	211.527985
55.000000	211.527985	211.742767
68.000000	211.742767	212.218781
51.000000	212.218781	212.439362
68.000000	212.439362	212.659958
56.000000	212.659958	213.217239
89.000000	213.217239	213.385574
55.000000	213.385574	213.908020
63.000000	213.908020	214.546570
68.000000	214.546570	215.069031
45.000000	215.069031	215.539230
74.000000	215.539230	216.142944
56.000000	216.142944	216.560913
59.000000	216.560913	217.019501
63.000000	217.019501	217.443268
63.000000	217.443268	217.832199
61.000000	217.832199	218.250153
67.000000	218.250153	218.639099
55.000000	218.639099	219.051254
63.000000	219.051254	219.556274
63.000000	219.556274	220.055511
56.000000	220.055511	220.519913
45.000000	220.519913	221.123627
77.000000	221.123627	221.773788
65.000000	221.773788	222.458771
83.000000	222.458771	223.027664
46.000000	223.027664	223.428207
60.000000	223.428207	223.730072
56.000000	223.730072	223.991287
62.000000	223.991287	224.879456
68.000000	224.879456	225.465759
63.000000	225.465759	227.938690
95.000000	227.938690	228.536606
94.000000	228.536606	228.925537
96.000000	228.925537	229.209976
93.000000	229.209976	229.488617
95.000000	229.488617	229.732422
94.000000	229.732422	229.958817
96.000000	229.958817	230.150391
93.000000	230.150391	230.347748
95.000000	230.347748	230.498688
94.000000	230.498688	230.667023
96.000000	230.667023	230.939865
95.000000	230.939865	231.061768
94.000000	231.061768	231.183670
96.000000	231.183670	231.288162
93.000000	231.288162	231.386841
94.000000	231.386841	231.607437
96.000000	231.607437	231.717728
93.000000	231.717728	231.810608
95.000000	231.810608	231.897690
95.000000	231.897690	231.996368
96.000000	231.996368	232.095062
93.000000	232.095062	232.182129
94.000000	232.182129	232.362091
96.000000	232.362091	232.524628
94.000000	232.524628	232.605896
94.000000	232.605896	232.698776
96.000000	232.698776	232.849701
94.000000	232.849701	233.023849
96.000000	233.023849	233.110931
93.000000	233.110931	233.203812
94.000000	233.203812	233.285080
94.000000	233.285080	233.377960
96.000000	233.377960	233.465027
93.000000	233.465027	233.761093
96.000000	233.761093	233.865585
93.000000	233.865585	234.184860
96.000000	234.184860	234.300949
93.000000	234.300949	234.417053
94.000000	234.417053	234.556366
95.000000	234.556366	234.684082
96.000000	234.684082	234.951111
95.000000	234.951111	235.252975
96.000000	235.252975	235.549026
83.000000	235.549026	235.752197
83.000000	235.752197	235.978592
86.000000	235.978592	236.216599
58.000000	236.216599	236.466217
83.000000	236.466217	236.739044
93.000000	236.739044	237.006073
92.000000	237.006073	237.307938
79.000000	237.307938	237.644623
89.000000	237.644623	238.016144
86.000000	238.016144	238.410889
87.000000	238.410889	239.328079
82.000000	239.328079	240.814148

66.000000	1.073923	1.607982
63.000000	1.607982	2.147846
55.000000	2.147846	2.292970
75.000000	2.292970	2.623855
47.000000	2.623855	3.140499
54.000000	3.140499	3.628118
61.000000	3.628118	4.940045
63.000000	4.940045	5.270930
64.000000	5.270930	5.584399
59.000000	5.584399	6.031383
57.000000	6.031383	6.524807
59.000000	6.524807	9.624671
63.000000	9.624671	10.460589
71.000000	10.460589	10.623129
73.000000	10.623129	10.930794
75.000000	10.930794	11.430022
73.000000	11.430022	11.621588
75.000000	11.621588	12.022132
78.000000	12.022132	12.579411
76.000000	12.579411	13.978413
64.000000	13.978413	14.866576
68.000000	14.866576	15.348390
58.000000	15.348390	23.382494
74.000000	23.382494	23.516008
75.000000	23.516008	24.247438
81.000000	24.247438	28.200634
63.000000	28.200634	28.589569
73.000000	28.589569	28.966894
75.000000	28.966894	29.291973
73.000000	29.291973	29.588028
49.000000	29.588028	30.162722
73.000000	30.162722	30.522631
54.000000	30.522631	32.949116
75.000000	32.949116	33.477371
61.000000	33.477371	34.243629
73.000000	34.243629	34.615147
54.000000	34.615147	35.619411
70.000000	35.619411	36.867481
75.000000	36.867481	37.204174
73.000000	37.204174	37.517643
75.000000	37.517643	37.935600
73.000000	37.935600	38.835373
49.000000	38.835373	39.206894
76.000000	39.206894	48.175602
73.000000	48.175602	49.934513
63.000000	49.934513	51.722450
59.000000	51.722450	52.302948
59.000000	52.302948	54.886169
63.000000	54.886169	55.733696
71.000000	55.733696	55.873016
73.000000	55.873016	56.215511
75.000000	56.215511	56.749569
73.000000	56.749569	56.923717
75.000000	56.923717	57.364899
78.000000	57.364899	57.939590
76.000000	57.939590	66.142044
73.000000	66.142044	66.710930
78.000000	66.710930	67.895149
64.000000	67.895149	68.109932
75.000000	68.109932	68.295692
74.000000	68.295692	70.019775
60.000000	70.019775	75.720276
73.000000	75.720276	76.236916
63.000000	76.236916	76.591019
73.000000	76.591019	76.875465
49.000000	76.875465	77.502403
73.000000	77.502403	77.926170
70.000000	77.926170	78.889793
68.000000	78.889793	80.190117
73.000000	80.190117	80.579048
75.000000	80.579048	81.095688
73.000000	81.095688	81.374329
49.000000	81.374329	81.949028
73.000000	81.949028	82.187027
73.000000	82.187027	82.366982
54.000000	82.366982	83.603447
70.000000	83.603447	88.084900
76.000000	88.084900	95.004448
58.000000	95.004448	95.526894
71.000000	95.526894	96.031929
61.000000	96.031929	97.216148
66.000000	97.216148	97.970795
63.000000	97.970795	98.359726
74.000000	98.359726	99.422043
71.000000	99.422043	100.449524
71.000000	100.449524	101.244804
70.000000	101.244804	101.471199
68.000000	101.471199	101.656960
54.000000	101.656960	102.074921
66.000000	102.074921	106.364807
75.000000	106.364807	107.276192
59.000000	107.276192	107.641907
70.000000	107.641907	108.326897
68.000000	108.326897	108.814514
56.000000	108.814514	110.323807
59.000000	110.323807	110.805626
76.000000	110.805626	111.153923
75.000000	111.153923	111.606712
77.000000	111.606712	111.780861
58.000000	111.780861	111.955009
70.000000	111.955009	112.413605
46.000000	112.413605	117.011154
70.000000	117.011154	117.922539
59.000000	117.922539	119.327347
59.000000	119.327347	119.838188
72.000000	119.838188	120.290977
72.000000	120.290977	120.877281
72.000000	120.877281	121.556465
61.000000	121.556465	122.049889
59.000000	122.049889	122.311111
40.000000	122.311111	122.583946
73.000000	122.583946	123.292152
55.000000	123.292152	123.791382
58.000000	123.791382	124.116463
56.000000	124.116463	124.406715
55.000000	124.406715	125.114922
54.000000	125.114922	125.416779
63.000000	125.416779	125.852158
71.000000	125.852158	126.264305
66.000000	126.264305	126.630020
54.000000	126.630020	127.053787
46.000000	127.053787	127.413696
89.000000	127.413696	127.628479
59.000000	127.628479	130.310379
58.000000	130.310379	138.884354
54.000000	138.884354	142.030655
73.000000	142.030655	142.918823
73.000000	142.918823	143.313553
54.000000	143.313553	144.596466
70.000000	144.596466	146.703674
63.000000	146.703674	147.022949
73.000000	147.022949	147.359634
49.000000	147.359634	148.236191
73.000000	148.236191	148.776062
76.000000	148.776062	155.202179
70.000000	155.202179	155.730438
71.000000	155.730438	156.125168
73.000000	156.125168	156.537323
49.000000	156.537323	157.175873
66.000000	157.175873	157.953735
75.000000	157.953735	158.296234
73.000000	158.296234	158.969620
71.000000	158.969620	159.329529
71.000000	159.329529	160.618225
82.000000	160.618225	160.856232
68.000000	160.856232	161.030380
54.000000	161.030380	161.169708
78.000000	161.169708	161.529617
76.000000	161.529617	161.889526
78.000000	161.889526	162.063675
79.000000	162.063675	162.394562
73.000000	162.394562	162.760269
58.000000	162.760269	165.204178
47.000000	165.204178	165.494415
70.000000	165.494415	167.293976
70.000000	167.293976	168.083450
56.000000	168.083450	168.454971
68.000000	168.454971	169.076096
51.000000	169.076096	169.726257
78.000000	169.726257	170.126801
76.000000	170.126801	170.614426
74.000000	170.614426	171.392288
58.000000	171.392288	178.044800
47.000000	178.044800	178.898148
60.000000	178.898148	179.879181
72.000000	179.879181	180.622223
61.000000	180.622223	181.104034
59.000000	181.104034	181.638092
61.000000	181.638092	182.305664
46.000000	182.305664	183.164810
56.000000	183.164810	183.449249
55.000000	183.449249	183.826569
46.000000	183.826569	184.238724
54.000000	184.238724	184.610245
63.000000	184.610245	185.068848
71.000000	185.068848	185.463577
66.000000	185.463577	185.829300
54.000000	185.829300	186.270477
46.000000	186.270477	186.578140
58.000000	186.578140	186.827759
59.000000	186.827759	186.984497
59.000000	186.984497	189.916016
58.000000	189.916016	190.815781
46.000000	190.815781	195.372696
72.000000	195.372696	198.275192
73.000000	198.275192	198.733780
70.000000	198.733780	202.048431
73.000000	202.048431	203.209427
49.000000	203.209427	204.997375
70.000000	204.997375	206.727249
73.000000	206.727249	207.162628
75.000000	207.162628	207.470291
73.000000	207.470291	208.573242
61.000000	208.573242	209.072479
76.000000	209.072479	214.372421
74.000000	214.372421	215.336060
59.000000	215.336060	216.851151
46.000000	216.851151	217.205261
59.000000	217.205261	219.202179
75.000000	219.202179	220.531525
47.000000	220.531525	220.781128
63.000000	220.781128	221.042358
47.000000	221.042358	222.261398
59.000000	222.261398	222.389114
59.000000	222.389114	224.345398
47.000000	224.345398	224.803986
74.000000	224.803986	225.274200
59.000000	225.274200	226.191376
73.000000	226.191376	227.085358
61.000000	227.085358	227.404633
61.000000	227.404633	228.345032
61.000000	228.345032	230.823761
59.000000	230.823761	232.478180
58.000000	232.478180	232.896149
71.000000	232.896149	233.058685
71.000000	233.058685	234.835007
63.000000	234.835007	236.204987
62.000000	236.204987	236.501038
63.000000	236.501038	236.860947
48.000000	236.860947	239.786667
72.000000	239.786667	241.052155
60.000000	241.052155	241.708115
67.000000	241.708115	242.625305
48.000000	242.625305	253.370346
73.000000	253.370346	254.537140
54.000000	254.537140	255.193100
49.000000	255.193100	255.349838
49.000000	255.349838	256.150940
52.000000	256.150940	258.310394
57.000000	258.310394	259.279816
58.000000	259.279816	259.616516
64.000000	259.616516	259.750031
74.000000	259.750031	260.249237
57.000000	260.249237	266.437378
75.000000	266.437378	267.052704
51.000000	267.052704	267.331329
56.000000	267.331329	267.975677
63.000000	267.975677	268.184662
44.000000	268.184662	269.026398
46.000000	269.026398	271.865021
57.000000	271.865021	275.899506
49.000000	275.899506	276.805084
48.000000	276.805084	281.721893
42.000000	281.721893	282.464935
59.000000	282.464935	283.149933
54.000000	283.149933	283.829102
70.000000	283.829102	284.229645
71.000000	284.229645	284.392212
73.000000	284.392212	286.104675
47.000000	286.104675	287.463043
59.000000	287.463043	287.759094
63.000000	287.759094	288.066772
64.000000	288.066772	288.879456
45.000000	288.879456	292.768799
67.000000	292.768799	293.720825
59.000000	293.720825	294.638000
72.000000	294.638000	300.001801
62.000000	300.001801	300.913208
54.000000	300.913208	302.196106
71.000000	302.196106	302.497955
61.000000	302.497955	303.699585
59.000000	303.699585	304.088531
61.000000	304.088531	304.529694
59.000000	304.529694	305.191467
68.000000	305.191467	315.239899
75.000000	315.239899	316.081635
75.000000	316.081635	316.958191
73.000000	316.958191	317.422577
61.000000	317.422577	318.664856
63.000000	318.664856	318.995728
76.000000	318.995728	319.303406
78.000000	319.303406	320.179962
78.000000	320.179962	320.737244
78.000000	320.737244	321.515106
64.000000	321.515106	323.128876
63.000000	323.128876	324.034454
71.000000	324.034454	324.173798
73.000000	324.173798	324.446625
75.000000	324.446625	324.974884
73.000000	324.974884	325.160645
75.000000	325.160645	325.526337
78.000000	325.526337	326.089447
64.000000	326.089447	327.366516
76.000000	327.366516	327.720642
49.000000	327.720642	328.121185
68.000000	328.121185	328.469482
86.000000	328.469482	328.707489
47.000000	328.707489	329.276367
61.000000	329.276367	336.341034
61.000000	336.341034	336.828674
77.000000	336.828674	337.176971
80.000000	337.176971	337.293060
81.000000	337.293060	337.409149
82.000000	337.409149	342.082184
73.000000	342.082184	343.034210
61.000000	343.034210	343.806244
73.000000	343.806244	344.195190
82.000000	344.195190	345.071747
68.000000	345.071747	345.466492
78.000000	345.466492	345.727722
77.000000	345.727722	345.959900
76.000000	345.959900	346.157288
74.000000	346.157288	346.778412
73.000000	346.778412	347.045441
49.000000	347.045441	347.591125
73.000000	347.591125	347.968445
54.000000	347.968445	348.415405
71.000000	348.415405	349.112030
70.000000	349.112030	351.503662
63.000000	351.503662	351.898407
61.000000	351.898407	353.030396
73.000000	353.030396	353.483185
76.000000	353.483185	354.313293
59.000000	354.313293	355.387207
59.000000	355.387207	356.321808
66.000000	356.321808	356.536591
68.000000	356.536591	357.331879
77.000000	357.331879	358.278107
87.000000	358.278107	358.458038
59.000000	358.458038	359.131439
59.000000	359.131439	359.410065
58.000000	359.410065	360.089264
80.000000	360.089264	360.367889
59.000000	360.367889	361.186401
64.000000	361.186401	361.836548
63.000000	361.836548	362.167450
73.000000	362.167450	362.608612
75.000000	362.608612	362.904663
73.000000	362.904663	363.171692
71.000000	363.171692	363.908936
70.000000	363.908936	364.367523
68.000000	364.367523	364.768066
70.000000	364.768066	365.418243
68.000000	365.418243	365.882629
70.000000	365.882629	366.695343
71.000000	366.695343	367.130707
71.000000	367.130707	367.299042
52.000000	367.299042	368.291687
54.000000	368.291687	368.622589
59.000000	368.622589	368.976685
40.000000	368.976685	369.295959
52.000000	369.295959	369.661682
73.000000	369.661682	370.009979
76.000000	370.009979	370.329254
78.000000	370.329254	370.654327
59.000000	370.654327	371.049072
47.000000	371.049072	371.478638
75.000000	371.478638	371.966248
88.000000	371.966248	372.366791
85.000000	372.366791	372.622223
66.000000	372.622223	372.831207
91.000000	372.831207	373.162079
87.000000	373.162079	373.307220
88.000000	373.307220	373.568420
66.000000	373.568420	373.684540
72.000000	373.684540	373.916748
87.000000	373.916748	374.032837
88.000000	374.032837	374.259216
54.000000	374.259216	374.392731
90.000000	374.392731	374.653961
87.000000	374.653961	374.804901
88.000000	374.804901	375.124176
66.000000	375.124176	375.292511
91.000000	375.292511	375.658234
87.000000	375.658234	375.890442
88.000000	375.890442	376.488342
97.000000	376.488342	376.929535
64.000000	376.929535	377.231384
65.000000	377.231384	377.544861
52.000000	377.544861	378.015045
66.000000	378.015045	378.218231
63.000000	378.218231	378.398193
90.000000	378.398193	378.566528
62.000000	378.566528	378.723267
89.000000	378.723267	378.862579
91.000000	378.862579	379.019318
88.000000	379.019318	379.152832
89.000000	379.152832	379.443085
90.000000	379.443085	379.715912
88.000000	379.715912	384.574707
76.000000	384.574707	386.188477
75.000000	386.188477	390.553833
92.000000	390.553833	391.285248
90.000000	391.285248	395.389374
49.000000	395.389374	395.917633
67.000000	395.917633	396.614227
97.000000	396.614227	398.024841

72.000000	1.073923	8.469479
57.000000	8.469479	8.690068
65.000000	8.690068	9.514377
60.000000	9.514377	13.693968
60.000000	13.693968	14.698232
69.000000	14.698232	15.754739
67.000000	15.754739	16.021769
60.000000	16.021769	16.410704
77.000000	16.410704	16.793833
64.000000	16.793833	19.858866
57.000000	19.858866	37.244808
65.000000	37.244808	38.161995
60.000000	38.161995	39.189480
69.000000	39.189480	42.411247
82.000000	42.411247	44.599728
62.000000	44.599728	48.976688
72.000000	48.976688	49.998367
58.000000	49.998367	50.903946
64.000000	50.903946	52.012699
79.000000	52.012699	55.478275
82.000000	55.478275	57.602901
69.000000	57.602901	59.472111
55.000000	59.472111	63.622677
60.000000	63.622677	67.662949
86.000000	67.662949	87.301224
48.000000	87.301224	89.449074
49.000000	89.449074	90.203720
53.000000	90.203720	91.747849
68.000000	91.747849	92.038094
49.000000	92.038094	94.737411
59.000000	94.737411	95.747482
57.000000	95.747482	97.158096
42.000000	97.158096	97.825668
54.000000	97.825668	99.741318
54.000000	99.741318	100.403084
52.000000	100.403084	100.971970
70.000000	100.971970	101.099686
58.000000	101.099686	101.726624
49.000000	101.726624	102.225853
49.000000	102.225853	102.347755
75.000000	102.347755	103.050156
65.000000	103.050156	105.517281
70.000000	105.517281	106.382225
77.000000	106.382225	110.393471
60.000000	110.393471	111.287437
61.000000	111.287437	112.332336
73.000000	112.332336	115.182587
56.000000	115.182587	116.523537
41.000000	116.523537	117.289795
46.000000	117.289795	118.038643
49.000000	118.038643	119.710480
68.000000	119.710480	121.742226
58.000000	121.742226	124.220955
56.000000	124.220955	125.619957
61.000000	125.619957	128.539871
58.000000	128.539871	129.143585
54.000000	129.143585	129.259689
51.000000	129.259689	132.899414
58.000000	132.899414	134.629303
58.000000	134.629303	139.685440
72.000000	139.685440	155.579498
76.000000	155.579498	155.800095
65.000000	155.800095	156.676651
60.000000	156.676651	157.634460
81.000000	157.634460	160.821411
60.000000	160.821411	161.796646
81.000000	161.796646	162.893784
67.000000	162.893784	164.008347
76.000000	164.008347	166.237457
57.000000	166.237457	167.148849
73.000000	167.148849	169.917816
64.000000	169.917816	171.009155
56.000000	171.009155	185.922180
60.000000	185.922180	186.914825
62.000000	186.914825	190.090164
82.000000	190.090164	192.133514
69.000000	192.133514	193.195831
67.000000	193.195831	193.799545
62.000000	193.799545	195.616501
65.000000	195.616501	196.858780
72.000000	196.858780	197.926895
65.000000	197.926895	198.931152
64.000000	198.931152	200.086349
60.000000	200.086349	203.662216
82.000000	203.662216	210.680450
60.000000	210.680450	216.015244

70.000000	1.073923	1.834376
71.000000	1.834376	2.490340
68.000000	2.490340	3.198549
62.000000	3.198549	4.197007
61.000000	4.197007	7.366530
70.000000	7.366530	8.156009
71.000000	8.156009	8.782948
68.000000	8.782948	14.378957
71.000000	14.378957	15.191655
73.000000	15.191655	15.447075
72.000000	15.447075	15.847619
70.000000	15.847619	16.161089
68.000000	16.161089	16.480362
63.000000	16.480362	17.478821
63.000000	17.478821	18.192835
63.000000	18.192835	19.051973
59.000000	19.051973	20.526440
75.000000	20.526440	20.967619
66.000000	20.967619	21.339138
68.000000	21.339138	21.675827
58.000000	21.675827	22.622042
44.000000	22.622042	23.469568
70.000000	23.469568	23.637915
69.000000	23.637915	24.084898
70.000000	24.084898	24.230022
70.000000	24.230022	25.367800
68.000000	25.367800	25.623220
66.000000	25.623220	37.784672
70.000000	37.784672	38.452244
70.000000	38.452244	40.669750
55.000000	40.669750	46.840454
69.000000	46.840454	47.171337
70.000000	47.171337	47.560272
70.000000	47.560272	47.746033
57.000000	47.746033	47.914375
75.000000	47.914375	48.616779
73.000000	48.616779	48.883808
70.000000	48.883808	49.139229
67.000000	49.139229	49.354015
70.000000	49.354015	50.306030
63.000000	50.306030	50.735600
62.000000	50.735600	50.898140
63.000000	50.898140	51.821133
78.000000	51.821133	52.099773
76.000000	52.099773	52.471294
78.000000	52.471294	53.371067
51.000000	53.371067	53.922539
63.000000	53.922539	54.166348
59.000000	54.166348	54.375328
68.000000	54.375328	54.601723
47.000000	54.601723	54.804897
75.000000	54.804897	55.553741
70.000000	55.553741	56.558006
51.000000	56.558006	57.469387
70.000000	57.469387	58.229843
70.000000	58.229843	63.628479
65.000000	63.628479	64.388931
66.000000	64.388931	64.644356
68.000000	64.644356	65.381584
73.000000	65.381584	65.938866
75.000000	65.938866	66.879272
77.000000	66.879272	67.680367
77.000000	67.680367	71.453606
49.000000	71.453606	72.185036
73.000000	72.185036	72.748116
65.000000	72.748116	73.694328
78.000000	73.694328	74.257416
78.000000	74.257416	79.389023
35.000000	79.389023	80.172699
63.000000	80.172699	80.828659
77.000000	80.828659	81.031837
78.000000	81.031837	81.745850
50.000000	81.745850	82.593376
78.000000	82.593376	83.829842
58.000000	83.829842	84.230385
77.000000	84.230385	84.671562
75.000000	84.671562	85.164986
77.000000	85.164986	85.495872
75.000000	85.495872	86.053154
75.000000	86.053154	86.285355
77.000000	86.285355	87.353470
70.000000	87.353470	87.707573
74.000000	87.707573	88.102310
71.000000	88.102310	88.473831
73.000000	88.473831	88.787300
71.000000	88.787300	89.036919
70.000000	89.036919	89.257507
71.000000	89.257507	89.565170
51.000000	89.565170	89.901863
73.000000	89.901863	90.377869
71.000000	90.377869	103.613243
59.000000	103.613243	103.769974
67.000000	103.769974	104.379501
70.000000	104.379501	109.696869
61.000000	109.696869	111.002991
54.000000	111.002991	111.153923
67.000000	111.153923	111.687981
70.000000	111.687981	111.873741
69.000000	111.873741	112.413605
49.000000	112.413605	113.400452
63.000000	113.400452	113.586212
65.000000	113.586212	114.259590
65.000000	114.259590	114.462769
67.000000	114.462769	115.397369
67.000000	115.397369	117.301407
57.000000	117.301407	117.847076
59.000000	117.847076	118.584305
57.000000	118.584305	120.151657
60.000000	120.151657	121.144310
66.000000	121.144310	123.129616
57.000000	123.129616	123.652061
59.000000	123.652061	124.453156
66.000000	124.453156	125.126534
57.000000	125.126534	125.260048
59.000000	125.260048	125.811516
61.000000	125.811516	126.014694
74.000000	126.014694	126.885445
74.000000	126.885445	127.622673
74.000000	127.622673	128.278641
66.000000	128.278641	128.557281
57.000000	128.557281	129.097137
57.000000	129.097137	129.358368
55.000000	129.358368	129.497681
55.000000	129.497681	130.124619
61.000000	130.124619	130.792206
59.000000	130.792206	131.413330
59.000000	131.413330	132.150574
66.000000	132.150574	132.823944
65.000000	132.823944	133.021317
43.000000	133.021317	133.601807
61.000000	133.601807	133.758545
62.000000	133.758545	134.339050
61.000000	134.339050	134.559631
49.000000	134.559631	135.436188
62.000000	135.436188	136.150208
61.000000	136.150208	137.125443
49.000000	137.125443	137.369247
62.000000	137.369247	168.977417
72.000000	168.977417	169.708847
73.000000	169.708847	170.521545
70.000000	170.521545	170.846619
68.000000	170.846619	171.392288
63.000000	171.392288	172.332703
63.000000	172.332703	173.011887
63.000000	173.011887	173.493698
78.000000	173.493698	173.801361
76.000000	173.801361	174.132248
59.000000	174.132248	175.142319
35.000000	175.142319	175.635742
94.000000	175.635742	176.053696
92.000000	176.053696	176.233658
90.000000	176.233658	176.407806
59.000000	176.407806	179.043259
52.000000	179.043259	179.838547
70.000000	179.838547	180.889252
68.000000	180.889252	181.887711
68.000000	181.887711	182.328888
56.000000	182.328888	183.008072
73.000000	183.008072	183.408615
73.000000	183.408615	183.907852
72.000000	183.907852	184.198090
70.000000	184.198090	184.796005
58.000000	184.796005	185.225571
69.000000	185.225571	186.009247
70.000000	186.009247	187.001907
68.000000	187.001907	187.454697
66.000000	187.454697	188.041000
66.000000	188.041000	188.598282
77.000000	188.598282	189.306488
56.000000	189.306488	190.386215
79.000000	190.386215	191.106033
78.000000	191.106033	191.616867
77.000000	191.616867	192.029022
76.000000	192.029022	192.371521
75.000000	192.371521	194.612244
60.000000	194.612244	202.489609
87.000000	202.489609	204.132431
97.000000	204.132431	204.573608
95.000000	204.573608	205.270203
82.000000	205.270203	205.409531
66.000000	205.409531	205.682358
73.000000	205.682358	206.326706

74.000000	1.079728	1.845986
67.000000	1.845986	3.140499
70.000000	3.140499	3.633923
69.000000	3.633923	4.551111
69.000000	4.551111	13.096054
74.000000	13.096054	13.641724
72.000000	13.641724	14.831746
62.000000	14.831746	15.330976
65.000000	15.330976	16.253969
62.000000	16.253969	17.978050
74.000000	17.978050	25.698685
69.000000	25.698685	26.139864
70.000000	26.139864	26.383673
72.000000	26.383673	26.615873
73.000000	26.615873	27.109297
79.000000	27.109297	27.643356
77.000000	27.643356	29.303583
50.000000	29.303583	35.764534
77.000000	35.764534	45.603992
70.000000	45.603992	46.184490
69.000000	46.184490	46.457325
70.000000	46.457325	47.148117
69.000000	47.148117	47.571880
70.000000	47.571880	47.815693
72.000000	47.815693	48.523899
79.000000	48.523899	49.069569
77.000000	49.069569	58.746487
62.000000	58.746487	59.350204
53.000000	59.350204	62.821587
74.000000	62.821587	68.940048
69.000000	68.940048	69.340591
70.000000	69.340591	69.566986
72.000000	69.566986	70.269386
79.000000	70.269386	70.786034
77.000000	70.786034	76.753563
65.000000	76.753563	77.299232
64.000000	77.299232	78.477638
77.000000	78.477638	90.070206
72.000000	90.070206	90.830658
39.000000	90.830658	92.461861
69.000000	92.461861	94.778053
72.000000	94.778053	95.399185
59.000000	95.399185	98.893784
71.000000	98.893784	99.758728
67.000000	99.758728	100.519180
64.000000	100.519180	101.076462
62.000000	101.076462	106.306755
71.000000	106.306755	106.835014
58.000000	106.835014	108.338501
59.000000	108.338501	109.412430
71.000000	109.412430	110.027756
70.000000	110.027756	110.741768
50.000000	110.741768	122.723267
63.000000	122.723267	123.344398
64.000000	123.344398	123.791382
64.000000	123.791382	124.058411
75.000000	124.058411	124.546028
63.000000	124.546028	124.969795
47.000000	124.969795	125.445808
65.000000	125.445808	125.846352
65.000000	125.846352	126.206261
68.000000	126.206261	126.421043
68.000000	126.421043	126.630020
67.000000	126.630020	127.047981
67.000000	127.047981	127.454330
64.000000	127.454330	127.721359
76.000000	127.721359	127.941948
75.000000	127.941948	128.319275
75.000000	128.319275	128.650162
47.000000	128.650162	129.015869
65.000000	129.015869	129.381592
65.000000	129.381592	129.753113
66.000000	129.753113	129.956284
74.000000	129.956284	130.577408
73.000000	130.577408	130.896683
73.000000	130.896683	131.308838
73.000000	131.308838	131.680359
72.000000	131.680359	132.069290
53.000000	132.069290	132.272476
65.000000	132.272476	132.487259
56.000000	132.487259	132.957458
75.000000	132.957458	133.450882
78.000000	133.450882	133.973328
50.000000	133.973328	134.368073
47.000000	134.368073	134.733780
52.000000	134.733780	135.099503
44.000000	135.099503	135.453598
44.000000	135.453598	135.825119
47.000000	135.825119	136.904846
49.000000	136.904846	137.444717
49.000000	137.444717	137.914917
49.000000	137.914917	138.547668
52.000000	138.547668	139.383575
59.000000	139.383575	141.322449
49.000000	141.322449	172.849350
77.000000	172.849350	173.563354
57.000000	173.563354	174.213516
72.000000	174.213516	176.930252
74.000000	176.930252	177.592026
72.000000	177.592026	181.011154
70.000000	181.011154	185.150116
70.000000	185.150116	185.869934
45.000000	185.869934	187.228302
45.000000	187.228302	187.982941
55.000000	187.982941	188.708572
64.000000	188.708572	189.573517
72.000000	189.573517	193.294510
70.000000	193.294510	199.366531
60.000000	199.366531	200.016693
72.000000	200.016693	200.661041
57.000000	200.661041	201.270569
50.000000	201.270569	201.920731
55.000000	201.920731	202.582489
55.000000	202.582489	203.215240
64.000000	203.215240	203.906036
65.000000	203.906036	206.106125
77.000000	206.106125	206.825943
52.000000	206.825943	207.470291
72.000000	207.470291	208.161087
50.000000	208.161087	209.565903
72.000000	209.565903	210.268295
62.000000	210.268295	210.947479
60.000000	210.947479	223.782318
60.000000	223.782318	224.972336
54.000000	224.972336	225.552841
64.000000	225.552841	226.156555
64.000000	226.156555	227.514923
57.000000	227.514923	231.392654
60.000000	231.392654	231.915100
62.000000	231.915100	233.168976
48.000000	233.168976	233.807526
64.000000	233.807526	234.509933
58.000000	234.509933	235.142670
57.000000	235.142670	235.792831
58.000000	235.792831	235.949570
70.000000	235.949570	237.232468
60.000000	237.232468	237.876831
60.000000	237.876831	238.596649
55.000000	238.596649	239.246796
53.000000	239.246796	240.610977
39.000000	240.610977	241.319183
57.000000	241.319183	242.700775
52.000000	242.700775	243.275467
53.000000	243.275467	243.809525
67.000000	243.809525	244.633835
67.000000	244.633835	245.405899
69.000000	245.405899	246.787476
52.000000	246.787476	247.640823
50.000000	247.640823	256.551483
60.000000	256.551483	258.234924
64.000000	258.234924	260.069305
57.000000	260.069305	263.587128
60.000000	263.587128	264.202454
62.000000	264.202454	265.601440
65.000000	265.601440	266.210968
64.000000	266.210968	266.919189
58.000000	266.919189	267.575134
57.000000	267.575134	268.173065
58.000000	268.173065	268.376221
57.000000	268.376221	271.069763
55.000000	271.069763	271.777954
53.000000	271.777954	275.458313
52.000000	275.458313	276.125885
53.000000	276.125885	276.897949
55.000000	276.897949	280.230011
52.000000	280.230011	281.263306

76.000000	8.724898	11.041088
77.000000	11.041088	12.167256
58.000000	12.167256	13.154104
58.000000	13.154104	15.220680
59.000000	15.220680	18.256689
57.000000	18.256689	19.150658
74.000000	19.150658	20.346485
60.000000	20.346485	21.327528
73.000000	21.327528	29.326803
76.000000	29.326803	30.360090
64.000000	30.360090	31.474649
77.000000	31.474649	45.244083
73.000000	45.244083	46.672108
52.000000	46.672108	47.792473
78.000000	47.792473	48.309116
80.000000	48.309116	48.692245
78.000000	48.692245	49.940319
75.000000	49.940319	50.265396
73.000000	50.265396	52.349388
75.000000	52.349388	54.636555
76.000000	54.636555	55.542133
78.000000	55.542133	55.797550
80.000000	55.797550	56.929523
66.000000	56.929523	58.015057
74.000000	58.015057	59.135418
73.000000	59.135418	71.813515
75.000000	71.813515	74.280632
76.000000	74.280632	75.389389
59.000000	75.389389	85.089523
76.000000	85.089523	87.040001
64.000000	87.040001	88.021042
64.000000	88.021042	88.926620
65.000000	88.926620	89.948296
73.000000	89.948296	90.836464
71.000000	90.836464	92.096146
69.000000	92.096146	92.990112
68.000000	92.990112	93.274559
66.000000	93.274559	94.296234
57.000000	94.296234	95.097321
62.000000	95.097321	95.370155
73.000000	95.370155	96.368614
72.000000	96.368614	97.303223
73.000000	97.303223	99.636826
69.000000	99.636826	99.979317
71.000000	99.979317	100.240547
70.000000	100.240547	100.664307
69.000000	100.664307	102.220047
66.000000	102.220047	105.064491
64.000000	105.064491	105.778503
56.000000	105.778503	106.097778
64.000000	106.097778	107.165894
59.000000	107.165894	108.344307
61.000000	108.344307	109.360184
71.000000	109.360184	110.788208
69.000000	110.788208	111.850525
56.000000	111.850525	112.152382
67.000000	112.152382	112.941856
57.000000	112.941856	113.278549
57.000000	113.278549	114.224762
74.000000	114.224762	114.520813
73.000000	114.520813	116.987938
66.000000	116.987938	118.270836
64.000000	118.270836	136.202454
56.000000	136.202454	136.649429
56.000000	136.649429	138.617325
56.000000	138.617325	141.252792
61.000000	141.252792	141.421127
49.000000	141.421127	142.326706
50.000000	142.326706	143.505127
49.000000	143.505127	145.142136
56.000000	145.142136	145.769073
57.000000	145.769073	146.337952
49.000000	146.337952	147.115829
45.000000	147.115829	147.516373
44.000000	147.516373	148.178146
56.000000	148.178146	148.305847
56.000000	148.305847	148.735413
68.000000	148.735413	149.373962
45.000000	149.373962	149.484268
48.000000	149.484268	149.960266
61.000000	149.960266	150.668488
61.000000	150.668488	151.829483
62.000000	151.829483	151.962997
59.000000	151.962997	152.375153
49.000000	152.375153	153.031113
61.000000	153.031113	153.176239
61.000000	153.176239	153.454880
61.000000	153.454880	153.600006
61.000000	153.600006	153.756729
61.000000	153.756729	154.482361
62.000000	154.482361	154.621674
59.000000	154.621674	155.120911
77.000000	155.120911	155.968430
52.000000	155.968430	156.560547
64.000000	156.560547	157.077194
59.000000	157.077194	157.477737
52.000000	157.477737	157.878281
44.000000	157.878281	158.319458
52.000000	158.319458	159.166977
56.000000	159.166977	159.782318
56.000000	159.782318	159.950653
62.000000	159.950653	160.455688
44.000000	160.455688	161.471558
48.000000	161.471558	162.034653
56.000000	162.034653	163.462677
56.000000	163.462677	164.374054
58.000000	164.374054	164.577240
39.000000	164.577240	165.198364
72.000000	165.198364	167.920914
57.000000	167.920914	169.145767
56.000000	169.145767	169.319916
44.000000	169.319916	170.208069
53.000000	170.208069	170.393829
71.000000	170.393829	171.270386
58.000000	171.270386	173.714279
58.000000	173.714279	174.834656
54.000000	174.834656	175.002991
73.000000	175.002991	175.351288
54.000000	175.351288	175.850525
60.000000	175.850525	176.587753
54.000000	176.587753	177.162445
73.000000	177.162445	177.330795
54.000000	177.330795	177.679092
54.000000	177.679092	178.184128
60.000000	178.184128	178.694962
44.000000	178.694962	179.420593
47.000000	179.420593	179.745667
47.000000	179.745667	180.204269
47.000000	180.204269	180.703491
48.000000	180.703491	181.423309
65.000000	181.423309	182.108307
73.000000	182.108307	182.601730
68.000000	182.601730	183.100952
70.000000	183.100952	184.935333
70.000000	184.935333	185.800278
63.000000	185.800278	186.154373
64.000000	186.154373	186.618774
65.000000	186.618774	187.181854
73.000000	187.181854	187.657867
49.000000	187.657867	188.075821
70.000000	188.075821	190.212067
72.000000	190.212067	194.995377
67.000000	194.995377	195.732605
69.000000	195.732605	196.684631
62.000000	196.684631	197.021317
63.000000	197.021317	197.381226
76.000000	197.381226	197.868851
72.000000	197.868851	198.275192
48.000000	198.275192	198.664124
62.000000	198.664124	199.029846
56.000000	199.029846	199.331696
58.000000	199.331696	199.656784
59.000000	199.656784	200.074738
63.000000	200.074738	200.394012
50.000000	200.394012	200.690063
49.000000	200.690063	201.003540
47.000000	201.003540	201.287979
47.000000	201.287979	201.595642
69.000000	201.595642	202.118088
69.000000	202.118088	202.472198
62.000000	202.472198	202.785675
53.000000	202.785675	203.122360
53.000000	203.122360	203.528702
69.000000	203.528702	204.027939
57.000000	204.027939	204.561996
63.000000	204.561996	205.020584
68.000000	205.020584	207.748932
48.000000	207.748932	208.341049
49.000000	208.341049	208.700958
50.000000	208.700958	209.008621
52.000000	209.008621	210.860413
51.000000	210.860413	211.464127
49.000000	211.464127	212.050430
48.000000	212.050430	212.439362
57.000000	212.439362	213.019867
55.000000	213.019867	213.275284
56.000000	213.275284	213.553925
59.000000	213.553925	213.977692
45.000000	213.977692	214.558182
54.000000	214.558182	215.069031
47.000000	215.069031	215.359268
49.000000	215.359268	215.678543
48.000000	215.678543	216.148758
51.000000	216.148758	216.781494
45.000000	216.781494	218.842270
44.000000	218.842270	220.038101
43.000000	220.038101	220.949478
44.000000	220.949478	221.872467
39.000000	221.872467	236.564896
76.000000	236.564896	238.898499
77.000000	238.898499	241.145035
77.000000	241.145035	243.333511
59.000000	243.333511	247.379593
74.000000	247.379593	247.664032
61.000000	247.664032	248.610245
72.000000	248.610245	249.707397
73.000000	249.707397	257.840179
76.000000	257.840179	258.850250
76.000000	258.850250	259.970612
65.000000	259.970612	261.166443
73.000000	261.166443	263.656769
69.000000	263.656769	264.649445
68.000000	264.649445	267.273285
62.000000	267.273285	267.563538
73.000000	267.563538	270.291870
66.000000	270.291870	271.783752
64.000000	271.783752	273.095703
62.000000	273.095703	275.319000
60.000000	275.319000	297.546295
73.000000	297.546295	308.651245
70.000000	308.651245	311.658234
70.000000	311.658234	315.779785
54.000000	315.779785	319.651703
61.000000	319.651703	321.114563

65.000000	4.713651	6.310023
75.000000	6.310023	6.849886
73.000000	6.849886	10.315465
73.000000	10.315465	10.826303
65.000000	10.826303	11.383583
70.000000	11.383583	22.070566
70.000000	22.070566	26.668118
66.000000	26.668118	27.074467
66.000000	27.074467	27.370522
59.000000	27.370522	28.636009
56.000000	28.636009	29.976961
73.000000	29.976961	30.331066
74.000000	30.331066	30.673559
75.000000	30.673559	30.969614
77.000000	30.969614	38.951473
61.000000	38.951473	40.611702
72.000000	40.611702	41.273468
75.000000	41.273468	42.080364
73.000000	42.080364	42.881451
70.000000	42.881451	43.177505
63.000000	43.177505	44.791294
69.000000	44.791294	45.093151
70.000000	45.093151	45.336960
71.000000	45.336960	48.483265
73.000000	48.483265	48.819954
73.000000	48.819954	51.240635
72.000000	51.240635	52.250702
73.000000	52.250702	52.866032
82.000000	52.866032	53.551022
62.000000	53.551022	54.131519
71.000000	54.131519	54.456600
70.000000	54.456600	54.688797
81.000000	54.688797	54.926804
70.000000	54.926804	55.234467
70.000000	55.234467	56.099411
70.000000	56.099411	56.436100
82.000000	56.436100	57.295238
47.000000	57.295238	57.927982
47.000000	57.927982	58.496872
58.000000	58.496872	58.839367
79.000000	58.839367	59.054150
82.000000	59.054150	60.383492
77.000000	60.383492	61.381950
66.000000	61.381950	62.014694
54.000000	62.014694	63.570431
82.000000	63.570431	63.878094
70.000000	63.878094	64.139320
71.000000	64.139320	64.371521
71.000000	64.371521	64.580498
70.000000	64.580498	65.068115
63.000000	65.068115	65.323540
58.000000	65.323540	65.578957
58.000000	65.578957	66.049164
55.000000	66.049164	66.339409
70.000000	66.339409	66.554192
80.000000	66.554192	66.728348
82.000000	66.728348	67.662949
77.000000	67.662949	67.993835
63.000000	67.993835	68.562721
80.000000	68.562721	68.702042
80.000000	68.702042	69.044533
78.000000	69.044533	70.251976
77.000000	70.251976	72.562355
45.000000	72.562355	73.287979
59.000000	73.287979	73.822044
78.000000	73.822044	74.321266
59.000000	74.321266	75.221046
81.000000	75.221046	75.540314
69.000000	75.540314	76.672287
59.000000	76.672287	77.299232
54.000000	77.299232	79.313560
68.000000	79.313560	79.841812
69.000000	79.841812	80.259773
52.000000	80.259773	80.898323
69.000000	80.898323	81.809708
63.000000	81.809708	82.999725
69.000000	82.999725	83.336418
80.000000	83.336418	84.027214
45.000000	84.027214	84.805077
61.000000	84.805077	85.164986
66.000000	85.164986	90.952560
56.000000	90.952560	92.717278
63.000000	92.717278	97.808250
61.000000	97.808250	99.642632
61.000000	99.642632	102.336143
72.000000	102.336143	104.315643
68.000000	104.315643	104.785851
70.000000	104.785851	105.227028
72.000000	105.227028	105.714645
73.000000	105.714645	113.859047
73.000000	113.859047	114.404716
77.000000	114.404716	115.031654
70.000000	115.031654	117.283989
68.000000	117.283989	118.119911
77.000000	118.119911	118.468208
72.000000	118.468208	130.519363
62.000000	130.519363	130.867661
75.000000	130.867661	131.163712
64.000000	131.163712	131.442352
65.000000	131.442352	132.202805
78.000000	132.202805	132.626572
59.000000	132.626572	133.979141
56.000000	133.979141	137.479553
60.000000	137.479553	138.675369
77.000000	138.675369	138.988846
61.000000	138.988846	139.279099
71.000000	139.279099	139.894424
61.000000	139.894424	143.360001
85.000000	143.360001	144.451340
62.000000	144.451340	145.972244
73.000000	145.972244	146.802353
82.000000	146.802353	148.224579
80.000000	148.224579	149.873199
69.000000	149.873199	150.732330
78.000000	150.732330	152.409973
52.000000	152.409973	153.983124
75.000000	153.983124	155.080276
52.000000	155.080276	155.451797
78.000000	155.451797	156.125168
73.000000	156.125168	156.479279
73.000000	156.479279	157.239731
63.000000	157.239731	157.802811
73.000000	157.802811	157.988571
74.000000	157.988571	159.915833
61.000000	159.915833	160.525345
62.000000	160.525345	161.285812
39.000000	161.285812	161.814056
66.000000	161.814056	162.208801
69.000000	162.208801	162.870560
62.000000	162.870560	163.410431
61.000000	163.410431	163.770340
54.000000	163.770340	164.031570
69.000000	164.031570	165.111298
68.000000	165.111298	165.401535
78.000000	165.401535	166.504486
78.000000	166.504486	167.375244
75.000000	167.375244	168.379501
64.000000	168.379501	168.762634
64.000000	168.762634	168.977417
66.000000	168.977417	169.523087
83.000000	169.523087	169.784302
81.000000	169.784302	170.393829
68.000000	170.393829	170.736328
68.000000	170.736328	171.003357
68.000000	171.003357	171.270386
52.000000	171.270386	171.508392
60.000000	171.508392	172.141129
56.000000	172.141129	172.466217
77.000000	172.466217	172.628754
79.000000	172.628754	173.023499
63.000000	173.023499	173.772339
44.000000	173.772339	174.306396
68.000000	174.306396	174.701141
63.000000	174.701141	175.055237
52.000000	175.055237	175.554474
56.000000	175.554474	176.042084
56.000000	176.042084	176.454239
63.000000	176.454239	177.266937
78.000000	177.266937	178.358276
63.000000	178.358276	178.625305
44.000000	178.625305	178.863312
63.000000	178.863312	179.083893
47.000000	179.083893	179.536682
47.000000	179.536682	180.030121
66.000000	180.030121	180.273926
78.000000	180.273926	181.551025
63.000000	181.551025	181.609070
62.000000	181.609070	181.783218
63.000000	181.783218	182.566895
47.000000	182.566895	182.973236
63.000000	182.973236	183.298325
78.000000	183.298325	184.343216
46.000000	184.343216	185.742218
47.000000	185.742218	186.247253
50.000000	186.247253	186.462036
66.000000	186.462036	187.321182
50.000000	187.321182	187.837830
66.000000	187.837830	188.041000
66.000000	188.041000	188.476379
45.000000	188.476379	188.801453
60.000000	188.801453	188.929153
59.000000	188.929153	189.242630
59.000000	189.242630	189.556107
57.000000	189.556107	189.956650
51.000000	189.956650	190.380402
89.000000	190.380402	190.722900
60.000000	190.722900	191.024765
54.000000	191.024765	191.285980
59.000000	191.285980	191.553009
67.000000	191.553009	191.767807
44.000000	191.767807	192.104492
75.000000	192.104492	192.359909
65.000000	192.359909	192.638550
82.000000	192.638550	192.934601
69.000000	192.934601	193.259689
72.000000	193.259689	194.031754
67.000000	194.031754	194.461319
78.000000	194.461319	194.966354
77.000000	194.966354	195.877731
53.000000	195.877731	196.934235
63.000000	196.934235	197.514740
73.000000	197.514740	198.606079
65.000000	198.606079	199.018234
68.000000	199.018234	200.991928
73.000000	200.991928	201.508575
65.000000	201.508575	202.031021
70.000000	202.031021	203.621582
49.000000	203.621582	203.998917
49.000000	203.998917	204.422668
64.000000	204.422668	204.776779
65.000000	204.776779	205.125076
72.000000	205.125076	205.589478
73.000000	205.589478	206.123535
71.000000	206.123535	217.779953
61.000000	217.779953	220.978500
95.000000	220.978500	221.181671
64.000000	221.181671	221.326797
64.000000	221.326797	221.408066
71.000000	221.408066	221.576416
90.000000	221.576416	222.162720
89.000000	222.162720	222.917374
87.000000	222.917374	223.782318
66.000000	223.782318	223.904221
85.000000	223.904221	224.037735
54.000000	224.037735	229.471207
82.000000	229.471207	233.644989
49.000000	233.644989	237.000275
68.000000	237.000275	238.712738
82.000000	238.712738	239.043625
70.000000	239.043625	239.357101
70.000000	239.357101	239.653152
70.000000	239.653152	240.204620
70.000000	240.204620	240.912842
82.000000	240.912842	243.379959
66.000000	243.379959	243.780502
82.000000	243.780502	244.378418
79.000000	244.378418	244.895050
77.000000	244.895050	246.247620
76.000000	246.247620	247.292511
66.000000	247.292511	248.052963
62.000000	248.052963	249.602905
51.000000	249.602905	249.742218
61.000000	249.742218	250.119553
68.000000	250.119553	250.514282
66.000000	250.514282	250.833557
51.000000	250.833557	251.147034
70.000000	251.147034	251.501129
61.000000	251.501129	251.895874
79.000000	251.895874	252.325439
65.000000	252.325439	252.911743
49.000000	252.911743	253.329712
78.000000	253.329712	254.020493
65.000000	254.020493	254.746124
75.000000	254.746124	255.407898
61.000000	255.407898	256.005798
65.000000	256.005798	256.679169
68.000000	256.679169	258.577423
70.000000	258.577423	260.818146
63.000000	260.818146	261.358002
61.000000	261.358002	262.077820
49.000000	262.077820	262.240356
49.000000	262.240356	262.727997
51.000000	262.727997	262.954376
56.000000	262.954376	263.070465
87.000000	263.070465	264.185028
52.000000	264.185028	264.370789
97.000000	264.370789	264.539124
61.000000	264.539124	264.690063
68.000000	264.690063	265.485352
51.000000	265.485352	267.772522
53.000000	267.772522	268.289154
60.000000	268.289154	268.695496
51.000000	268.695496	269.473389
63.000000	269.473389	270.466034
63.000000	270.466034	271.371613
61.000000	271.371613	272.120453
61.000000	272.120453	274.802368
54.000000	274.802368	276.747040
84.000000	276.747040	280.433197
70.000000	280.433197	282.447540
69.000000	282.447540	284.665039
61.000000	284.665039	285.965363
49.000000	285.965363	286.470398
70.000000	286.470398	286.836090
72.000000	286.836090	287.225037
61.000000	287.225037	298.724731
73.000000	298.724731	300.530060
63.000000	300.530060	303.827301
62.000000	303.827301	305.086975
61.000000	305.086975	314.781311
78.000000	314.781311	315.239899
79.000000	315.239899	315.681091
80.000000	315.681091	316.871124
58.000000	316.871124	321.811157
78.000000	321.811157	322.670288
68.000000	322.670288	323.831299
69.000000	323.831299	324.440826
68.000000	324.440826	324.876190
67.000000	324.876190	348.879822
59.000000	348.879822	349.431305
77.000000	349.431305	350.011780
71.000000	350.011780	350.621307
64.000000	350.621307	351.834564
61.000000	351.834564	352.548584
78.000000	352.548584	353.413513
87.000000	353.413513	354.702209

75.000000	1.073923	1.904036
64.000000	1.904036	2.484535
63.000000	2.484535	2.710930
74.000000	2.710930	3.390113
75.000000	3.390113	4.133152
59.000000	4.133152	5.154830
63.000000	5.154830	7.500045
75.000000	7.500045	8.887438
63.000000	8.887438	14.326712
75.000000	14.326712	15.284535
62.000000	15.284535	15.882449
63.000000	15.882449	16.108843
77.000000	16.108843	16.637098
58.000000	16.637098	17.623945
77.000000	17.623945	17.873560
75.000000	17.873560	18.680454
70.000000	18.680454	19.388662
73.000000	19.388662	20.096870
68.000000	20.096870	27.451792
61.000000	27.451792	28.177416
73.000000	28.177416	28.792744
75.000000	28.792744	30.255600
75.000000	30.255600	33.105850
68.000000	33.105850	33.744400
73.000000	33.744400	34.330704
63.000000	34.330704	35.601994
75.000000	35.601994	35.996735
73.000000	35.996735	37.929794
61.000000	37.929794	49.754559
64.000000	49.754559	50.195736
75.000000	50.195736	50.665939
63.000000	50.665939	51.745670
75.000000	51.745670	56.349026
66.000000	56.349026	58.462040
63.000000	58.462040	59.344398
74.000000	59.344398	59.965534
63.000000	59.965534	60.191929
77.000000	60.191929	60.592472
56.000000	60.592472	60.778233
58.000000	60.778233	60.946575
78.000000	60.946575	61.631565
77.000000	61.631565	61.869568
75.000000	61.869568	62.722904
70.000000	62.722904	63.094421
51.000000	63.094421	63.419502
61.000000	63.419502	64.116096
69.000000	64.116096	73.282173
64.000000	73.282173	73.996193
63.000000	73.996193	74.907570
54.000000	74.907570	76.132423
73.000000	76.132423	76.556190
75.000000	76.556190	77.072838
73.000000	77.072838	77.455963
71.000000	77.455963	77.827484
70.000000	77.827484	79.023308
51.000000	79.023308	81.612335
73.000000	81.612335	82.285713
73.000000	82.285713	83.620865
73.000000	83.620865	90.325623
58.000000	90.325623	91.161545
70.000000	91.161545	91.533058
68.000000	91.533058	96.351204
64.000000	96.351204	97.082634
46.000000	97.082634	97.245171
72.000000	97.245171	97.465759
73.000000	97.465759	110.021950
75.000000	110.021950	110.840454
39.000000	110.840454	111.699593
76.000000	111.699593	112.384583
70.000000	112.384583	112.988297
71.000000	112.988297	113.458504
63.000000	113.458504	117.342041
76.000000	117.342041	117.998001
70.000000	117.998001	118.555283
59.000000	118.555283	119.919456
52.000000	119.919456	120.331612
70.000000	120.331612	121.301041
70.000000	121.301041	122.061493
67.000000	122.061493	122.566528
55.000000	122.566528	122.903221
75.000000	122.903221	123.634651
61.000000	123.634651	124.435738
68.000000	124.435738	126.293335
47.000000	126.293335	127.390472
52.000000	127.390472	128.417953
71.000000	128.417953	129.288712
75.000000	129.288712	130.316193
73.000000	130.316193	130.867661
78.000000	130.867661	131.477188
48.000000	131.477188	132.243454
63.000000	132.243454	132.609161
65.000000	132.609161	133.085175
49.000000	133.085175	133.421860
59.000000	133.421860	134.147476
58.000000	134.147476	134.942764
57.000000	134.942764	135.650970
63.000000	135.650970	136.573975
71.000000	136.573975	137.659500
56.000000	137.659500	138.338684
40.000000	138.338684	138.721817
71.000000	138.721817	139.064316
63.000000	139.064316	140.335602
70.000000	140.335602	140.753555
80.000000	140.753555	141.026398
64.000000	141.026398	141.276016
75.000000	141.276016	141.508209
74.000000	141.508209	142.082901
68.000000	142.082901	152.537689
73.000000	152.537689	152.967255
75.000000	152.967255	153.483902
73.000000	153.483902	154.215332
70.000000	154.215332	155.486618
51.000000	155.486618	158.209167
73.000000	158.209167	158.557465
72.000000	158.557465	158.853516
73.000000	158.853516	159.950653
73.000000	159.950653	161.454147
52.000000	161.454147	162.470016
59.000000	162.470016	164.821045
39.000000	164.821045	166.086533
58.000000	166.086533	166.980499
70.000000	166.980499	167.328796
68.000000	167.328796	167.682907
64.000000	167.682907	168.536240
63.000000	168.536240	171.450333
45.000000	171.450333	171.961182
45.000000	171.961182	172.669388
46.000000	172.669388	174.881088
72.000000	174.881088	175.165527
73.000000	175.165527	175.293243
72.000000	175.293243	176.651611
61.000000	176.651611	186.264664
75.000000	186.264664	187.042542
55.000000	187.042542	187.913284
57.000000	187.913284	188.580856
70.000000	188.580856	189.155548
71.000000	189.155548	193.404800
64.000000	193.404800	194.014328
70.000000	194.014328	194.542587
59.000000	194.542587	196.365356
51.000000	196.365356	197.352203
70.000000	197.352203	198.124268
67.000000	198.124268	198.960175
75.000000	198.960175	199.674194
61.000000	199.674194	200.353378
68.000000	200.353378	203.035278
71.000000	203.035278	203.673828
59.000000	203.673828	203.865402
70.000000	203.865402	204.027939
71.000000	204.027939	204.265945
51.000000	204.265945	204.805801
75.000000	204.805801	205.217957
58.000000	205.217957	205.868118
73.000000	205.868118	206.303497
78.000000	206.303497	206.785309
48.000000	206.785309	207.487717
63.000000	207.487717	207.806992
65.000000	207.806992	208.259766
49.000000	208.259766	208.666122
68.000000	208.666122	209.351105
70.000000	209.351105	210.175415
64.000000	210.175415	210.546936
64.000000	210.546936	210.906845
63.000000	210.906845	211.736969
59.000000	211.736969	212.822495
68.000000	212.822495	213.455231
40.000000	213.455231	213.878998
71.000000	213.878998	214.244720
63.000000	214.244720	215.812057
70.000000	215.812057	216.438995
92.000000	216.438995	216.781494
69.000000	216.781494	217.036911
87.000000	217.036911	235.769608
59.000000	235.769608	236.054062
64.000000	236.054062	236.390747
59.000000	236.390747	236.501038
47.000000	236.501038	237.331161
47.000000	237.331161	240.320724
59.000000	240.320724	241.017319
59.000000	241.017319	241.650070
60.000000	241.650070	245.057602
59.000000	245.057602	245.504578
73.000000	245.504578	245.835464
76.000000	245.835464	246.102493
62.000000	246.102493	246.340500
73.000000	246.340500	246.555283
72.000000	246.555283	246.990662
71.000000	246.990662	247.228668
58.000000	247.228668	247.693054
70.000000	247.693054	249.469391
67.000000	249.469391	250.636185
54.000000	250.636185	250.949661
59.000000	250.949661	252.633102
66.000000	252.633102	253.474823
51.000000	253.474823	254.049530
47.000000	254.049530	256.969421
61.000000	256.969421	259.320465
61.000000	259.320465	259.796448
61.000000	259.796448	260.092529
61.000000	260.092529	260.371155
49.000000	260.371155	260.614960
61.000000	260.614960	261.659851
50.000000	261.659851	265.166077
58.000000	265.166077	266.228394
58.000000	266.228394	267.586761
47.000000	267.586761	269.926178
47.000000	269.926178	271.359985

67.000000	4.318912	14.071293
72.000000	14.071293	15.156825
71.000000	15.156825	16.044989
72.000000	16.044989	16.927347
75.000000	16.927347	17.827120
72.000000	17.827120	18.738503
72.000000	18.738503	19.673107
51.000000	19.673107	22.221497
63.000000	22.221497	22.616236
44.000000	22.616236	23.080635
58.000000	23.080635	23.486984
72.000000	23.486984	23.800453
44.000000	23.800453	23.922358
70.000000	23.922358	25.019501
65.000000	25.019501	25.361996
75.000000	25.361996	25.658051
51.000000	25.658051	29.082993
71.000000	29.082993	30.360090
72.000000	30.360090	31.387573
71.000000	31.387573	32.287346
72.000000	32.287346	33.216145
75.000000	33.216145	34.098503
72.000000	34.098503	36.960361
49.000000	36.960361	37.134514
70.000000	37.134514	38.852791
72.000000	38.852791	39.160454
72.000000	39.160454	39.456509
61.000000	39.456509	39.839638
79.000000	39.839638	40.420135
77.000000	40.420135	41.674015
73.000000	41.674015	46.724354
67.000000	46.724354	47.455784
56.000000	47.455784	47.717007
70.000000	47.717007	48.564537
72.000000	48.564537	49.377235
72.000000	49.377235	50.271202
73.000000	50.271202	53.092426
70.000000	53.092426	55.153198
58.000000	55.153198	56.064579
72.000000	56.064579	56.981770
70.000000	56.981770	60.435738
72.000000	60.435738	65.549934
72.000000	65.549934	66.542587
71.000000	66.542587	67.395920
72.000000	67.395920	68.272469
75.000000	68.272469	69.265121
72.000000	69.265121	70.315826
72.000000	70.315826	72.748116
70.000000	72.748116	73.891701
70.000000	73.891701	75.639000
79.000000	75.639000	76.318184
65.000000	76.318184	77.328255
73.000000	77.328255	82.767525
67.000000	82.767525	83.609253
56.000000	83.609253	83.864670
70.000000	83.864670	84.747032
72.000000	84.747032	85.565536
72.000000	85.565536	86.418869
73.000000	86.418869	87.254784
73.000000	87.254784	87.899139
73.000000	87.899139	89.199455
70.000000	89.199455	91.445984
58.000000	91.445984	92.444443
72.000000	92.444443	104.321449
60.000000	104.321449	105.279274
75.000000	105.279274	106.329979
72.000000	106.329979	107.444534
72.000000	107.444534	109.621407
56.000000	109.621407	110.451523
72.000000	110.451523	110.730156
72.000000	110.730156	113.684898
60.000000	113.684898	113.835831
65.000000	113.835831	120.639275
72.000000	120.639275	122.462044
72.000000	122.462044	124.139679
76.000000	124.139679	124.453156
63.000000	124.453156	125.016235
61.000000	125.016235	126.711296
66.000000	126.711296	127.611069
60.000000	127.611069	129.027481
49.000000	129.027481	130.403259
72.000000	130.403259	130.943130
68.000000	130.943130	131.198547
58.000000	131.198547	131.726807
61.000000	131.726807	131.976410
72.000000	131.976410	132.481445
68.000000	132.481445	132.760086
70.000000	132.760086	133.752747
72.000000	133.752747	134.577057
51.000000	134.577057	135.174973
73.000000	135.174973	137.584030
71.000000	137.584030	137.926529
72.000000	137.926529	138.327072
60.000000	138.327072	138.745041
67.000000	138.745041	139.354553
58.000000	139.354553	139.662216
64.000000	139.662216	139.923447
63.000000	139.923447	140.712921
60.000000	140.712921	141.839096
45.000000	141.839096	143.116196
67.000000	143.116196	143.580597
58.000000	143.580597	143.830200
71.000000	143.830200	144.364258
61.000000	144.364258	145.385941
49.000000	145.385941	150.639450
69.000000	150.639450	150.976151
70.000000	150.976151	151.707581
73.000000	151.707581	152.015244
75.000000	152.015244	152.293884
77.000000	152.293884	152.572510
72.000000	152.572510	152.856964
73.000000	152.856964	153.176239
69.000000	153.176239	153.901855
68.000000	153.901855	154.203720
70.000000	154.203720	155.358917
55.000000	155.358917	155.666580
63.000000	155.666580	155.927795
77.000000	155.927795	156.450256
54.000000	156.450256	156.728882
63.000000	156.728882	157.082993
71.000000	157.082993	157.727341
70.000000	157.727341	158.064041
71.000000	158.064041	158.394928
47.000000	158.394928	158.656143
63.000000	158.656143	158.998642
69.000000	158.998642	159.561722
56.000000	159.561722	159.834564
67.000000	159.834564	160.380234
68.000000	160.380234	160.658859
67.000000	160.658859	161.181320
66.000000	161.181320	161.454147
65.000000	161.454147	161.964981
47.000000	161.964981	162.237823
65.000000	162.237823	162.783493
64.000000	162.783493	163.096954
64.000000	163.096954	163.665848
63.000000	163.665848	164.577240
74.000000	164.577240	164.931335
62.000000	164.931335	165.819504
73.000000	165.819504	166.220047
73.000000	166.220047	166.963089
72.000000	166.963089	167.340408
61.000000	167.340408	169.285080
61.000000	169.285080	170.695694
67.000000	170.695694	170.933701
68.000000	170.933701	171.479370
61.000000	171.479370	171.728973
69.000000	171.728973	172.257233
70.000000	172.257233	172.495239
68.000000	172.495239	174.991379
59.000000	174.991379	177.516556
46.000000	177.516556	179.397369
62.000000	179.397369	179.716644
61.000000	179.716644	180.314560
69.000000	180.314560	180.657059
52.000000	180.657059	181.045990
61.000000	181.045990	181.487167
72.000000	181.487167	181.806442
73.000000	181.806442	182.177963
69.000000	182.177963	182.601730
69.000000	182.601730	182.926804
67.000000	182.926804	183.217056
67.000000	183.217056	183.524719
65.000000	183.524719	183.785934
64.000000	183.785934	184.047165
56.000000	184.047165	184.581223
73.000000	184.581223	185.184937
70.000000	185.184937	185.451965
71.000000	185.451965	186.078918
49.000000	186.078918	186.351746
68.000000	186.351746	188.534424
40.000000	188.534424	196.551117
55.000000	196.551117	196.893600
57.000000	196.893600	197.479904
54.000000	197.479904	198.060410
70.000000	198.060410	198.786026
69.000000	198.786026	200.312744
75.000000	200.312744	200.614609
64.000000	200.614609	200.887436
66.000000	200.887436	201.142853
60.000000	201.142853	201.427307
51.000000	201.427307	201.694336
76.000000	201.694336	201.996185
72.000000	201.996185	202.646347
71.000000	202.646347	202.942398
72.000000	202.942398	203.534515
64.000000	203.534515	203.929245
70.000000	203.929245	204.643265
69.000000	204.643265	204.921906
69.000000	204.921906	205.519821
69.000000	205.519821	205.798462
69.000000	205.798462	206.077103
63.000000	206.077103	206.320908
68.000000	206.320908	206.587936
67.000000	206.587936	207.110382
68.000000	207.110382	207.400635
67.000000	207.400635	207.719910
45.000000	207.719910	207.981140
66.000000	207.981140	208.277191
66.000000	208.277191	208.875107
65.000000	208.875107	209.194382
53.000000	209.194382	209.519455
59.000000	209.519455	209.856140
52.000000	209.856140	210.221863
52.000000	210.221863	210.610794
51.000000	210.610794	211.086807
51.000000	211.086807	211.678909
60.000000	211.678909	212.903763
71.000000	212.903763	213.797729
72.000000	213.797729	214.645264
75.000000	214.645264	215.608887
72.000000	215.608887	216.497055
72.000000	216.497055	217.472290
70.000000	217.472290	217.681274
69.000000	217.681274	218.546219
63.000000	218.546219	219.318283
60.000000	219.318283	219.887161
63.000000	219.887161	220.310928
44.000000	220.310928	220.711472
70.000000	220.711472	221.036560
72.000000	221.036560	221.332611
69.000000	221.332611	221.454514
70.000000	221.454514	222.522629
77.000000	222.522629	222.876740
75.000000	222.876740	223.196014
51.000000	223.196014	224.676285
70.000000	224.676285	225.459961
71.000000	225.459961	226.557098
71.000000	226.557098	227.654236
72.000000	227.654236	228.681717
71.000000	228.681717	229.604721
72.000000	229.604721	230.481277
75.000000	230.481277	231.433289
72.000000	231.433289	232.437546
60.000000	232.437546	233.499863
58.000000	233.499863	233.737869
68.000000	233.737869	234.991745
70.000000	234.991745	236.210800
70.000000	236.210800	237.064133
72.000000	237.064133	237.708481
61.000000	237.708481	238.103226
79.000000	238.103226	238.625671
77.000000	238.625671	239.182953
63.000000	239.182953	239.885345
73.000000	239.885345	243.664398
68.000000	243.664398	244.941498
67.000000	244.941498	245.765808
56.000000	245.765808	246.032837
70.000000	246.032837	246.915192
72.000000	246.915192	247.739502
72.000000	247.739502	248.610245
73.000000	248.610245	249.475189
61.000000	249.475189	250.543304
72.000000	250.543304	251.315369
70.000000	251.315369	252.447342
58.000000	252.447342	253.434189
58.000000	253.434189	254.258499
72.000000	254.258499	255.146667
70.000000	255.146667	255.419495
58.000000	255.419495	256.377319
63.000000	256.377319	258.519379
72.000000	258.519379	263.726440
72.000000	263.726440	264.759735
59.000000	264.759735	265.642090
72.000000	265.642090	266.530243
75.000000	266.530243	267.517090
72.000000	267.517090	272.532593
70.000000	272.532593	274.848785
65.000000	274.848785	275.406067
63.000000	275.406067	280.874390
67.000000	280.874390	281.669647
56.000000	281.669647	281.919281
70.000000	281.919281	282.859680
72.000000	282.859680	283.759460
72.000000	283.759460	284.798553
61.000000	284.798553	286.476196
73.000000	286.476196	290.011414
70.000000	290.011414	291.015686
72.000000	291.015686	292.043182
70.000000	292.043182	293.302856
75.000000	293.302856	295.578400
72.000000	295.578400	303.751831
60.000000	303.751831	306.108673
72.000000	306.108673	307.641174
68.000000	307.641174	308.169434
70.000000	308.169434	308.657043
70.000000	308.657043	309.272369
70.000000	309.272369	310.624939
70.000000	310.624939	311.251892
72.000000	311.251892	311.420227
73.000000	311.420227	311.809174
72.000000	311.809174	312.975952
79.000000	312.975952	313.510010
58.000000	313.510010	314.044067
63.000000	314.044067	314.462036
73.000000	314.462036	314.746490
75.000000	314.746490	316.064209
58.000000	316.064209	316.464752
72.000000	316.464752	328.272095
68.000000	328.272095	330.019409
64.000000	330.019409	331.342957

